/csgo-images/0.jpg 294,173,386,380,1 
/csgo-images/1.jpg 347,179,377,229,1 
/csgo-images/10.jpg 339,173,360,223,1 357,173,377,223,1 
/csgo-images/100.jpg 328,185,343,232,0 334,179,349,226,1 
/csgo-images/101.jpg 354,142,371,173,1 
/csgo-images/102.jpg 194,112,227,201,1 228,105,294,277,1 299,103,358,240,1 
/csgo-images/103.jpg 220,152,246,201,1 
/csgo-images/104.jpg 317,166,355,226,0 
/csgo-images/105.jpg 286,134,412,337,0 490,148,531,208,0 
/csgo-images/106.jpg 312,156,402,322,0 277,107,309,147,1 
/csgo-images/107.jpg 335,105,402,267,0 286,111,351,238,0 
/csgo-images/108.jpg 307,156,371,274,1 
/csgo-images/109.jpg 170,145,287,381,0 269,136,391,377,0 545,167,580,243,0 
/csgo-images/11.jpg 26,185,140,369,1 519,163,569,263,1 
/csgo-images/110.jpg 347,153,392,208,1 240,133,276,207,1 299,147,324,200,1 268,133,305,181,1 
/csgo-images/111.jpg 360,123,390,207,0 425,110,484,252,0 375,123,416,236,0 
/csgo-images/112.jpg 321,174,350,236,1 
/csgo-images/113.jpg 294,147,317,211,1 249,153,279,223,1 
/csgo-images/114.jpg 258,204,295,280,0 258,211,294,280,0 307,207,346,291,0 
/csgo-images/115.jpg 0,59,121,382,0 
/csgo-images/116.jpg 265,174,327,382,0 321,140,361,212,1 
/csgo-images/117.jpg 332,186,350,233,1 353,178,381,236,1 
/csgo-images/118.jpg 391,171,431,248,0 254,153,298,247,0 232,159,265,226,0 201,169,232,222,0 
/csgo-images/119.jpg 213,206,310,326,0 294,174,372,259,0 228,138,284,207,0 137,149,222,222,0 
/csgo-images/12.jpg 258,162,357,382,1 332,190,394,356,1 
/csgo-images/120.jpg 273,137,379,377,1 
/csgo-images/121.jpg 269,82,353,274,1 354,141,391,230,0 331,159,372,230,0 
/csgo-images/122.jpg 346,111,431,288,1 409,177,436,230,1 
/csgo-images/123.jpg 296,174,414,382,0 
/csgo-images/124.jpg 185,147,239,273,1 0,4,202,373,1 
/csgo-images/125.jpg 291,160,394,318,1 
/csgo-images/126.jpg 325,41,434,254,0 
/csgo-images/127.jpg 421,68,579,369,1 255,122,450,362,1 
/csgo-images/128.jpg 253,238,364,381,1 
/csgo-images/129.jpg 158,115,242,284,0 292,152,325,226,0 
/csgo-images/13.jpg 312,170,388,310,1 269,126,335,269,1 273,126,339,269,1 
/csgo-images/130.jpg 4,260,144,382,0 129,127,214,233,0 0,125,73,277,0 228,175,336,336,0 
/csgo-images/131.jpg 310,111,380,226,0 
/csgo-images/132.jpg 314,204,339,259,0 340,210,364,275,0 
/csgo-images/133.jpg 320,169,364,266,1 421,159,476,252,1 
/csgo-images/134.jpg 236,219,298,317,1 391,145,443,207,0 
/csgo-images/135.jpg 343,142,397,221,1 
/csgo-images/136.jpg 280,149,314,203,1 
/csgo-images/137.jpg 361,129,421,288,1 307,134,362,262,1 
/csgo-images/138.jpg 258,130,340,254,0 
/csgo-images/139.jpg 360,174,416,302,0 
/csgo-images/14.jpg 250,145,332,251,1 362,178,399,227,1 
/csgo-images/140.jpg 288,118,361,254,1 358,133,399,245,1 
/csgo-images/141.jpg
/csgo-images/142.jpg 291,142,332,210,1 291,145,338,210,1 291,141,339,210,1 349,144,392,221,1 
/csgo-images/143.jpg 114,152,183,248,1 275,153,314,236,1 
/csgo-images/144.jpg 339,170,380,249,1 375,174,423,227,1 
/csgo-images/145.jpg 272,190,309,284,0 320,193,357,263,0 
/csgo-images/146.jpg 294,158,377,367,1 
/csgo-images/147.jpg 331,190,364,249,0 
/csgo-images/148.jpg 331,68,368,140,1 318,156,350,223,1 361,160,380,208,1 336,159,375,211,1 
/csgo-images/149.jpg 196,160,238,237,1 381,160,438,286,1 
/csgo-images/15.jpg 364,116,405,200,0 266,132,309,215,0 320,121,357,200,0 
/csgo-images/150.jpg 324,130,383,236,0 269,142,339,307,0 
/csgo-images/151.jpg 283,148,351,256,0 
/csgo-images/152.jpg 331,188,355,241,0 
/csgo-images/153.jpg 173,118,258,269,0 408,99,554,374,0 236,118,343,291,0 
/csgo-images/154.jpg 312,96,369,219,1 434,53,541,258,1 
/csgo-images/155.jpg 334,163,394,269,0 
/csgo-images/156.jpg 312,167,360,245,0 
/csgo-images/157.jpg 329,196,350,229,1 253,190,290,297,1 288,222,335,344,1 
/csgo-images/158.jpg 117,63,291,382,0 379,155,421,240,0 423,148,457,236,0 
/csgo-images/159.jpg 77,147,195,344,0 192,141,259,319,0 
/csgo-images/16.jpg 210,142,372,351,1 
/csgo-images/160.jpg 102,156,286,381,0 266,160,350,382,0 380,184,413,226,0 
/csgo-images/161.jpg 235,141,286,240,0 
/csgo-images/162.jpg 291,166,349,278,0 372,142,429,263,0 269,142,305,221,0 335,144,377,252,0 
/csgo-images/163.jpg 301,136,369,248,0 
/csgo-images/164.jpg 392,197,427,245,0 
/csgo-images/165.jpg 332,240,364,293,1 357,229,391,299,1 
/csgo-images/166.jpg 334,181,379,229,1 338,181,383,229,1 
/csgo-images/167.jpg 303,140,349,215,1 362,136,423,219,1 
/csgo-images/168.jpg 340,160,364,210,0 368,164,394,214,0 
/csgo-images/169.jpg 394,74,505,322,0 32,47,239,377,0 347,133,405,256,0 202,152,276,266,0 
/csgo-images/17.jpg 281,163,369,382,1 
/csgo-images/170.jpg 425,96,484,210,0 491,118,534,190,1 
/csgo-images/171.jpg 236,160,273,225,1 412,140,495,269,1 
/csgo-images/172.jpg 284,155,318,243,0 284,160,366,243,0 327,156,366,243,0 
/csgo-images/173.jpg
/csgo-images/174.jpg 334,162,365,219,0 
/csgo-images/175.jpg 343,148,377,232,1 299,164,351,238,1 
/csgo-images/176.jpg 342,164,369,226,1 
/csgo-images/177.jpg 266,167,324,212,1 180,212,229,295,1 
/csgo-images/178.jpg 344,186,364,222,1 440,48,521,217,1 
/csgo-images/179.jpg 331,164,371,238,0 
/csgo-images/18.jpg 211,156,258,267,0 351,159,383,215,0 
/csgo-images/180.jpg 299,94,364,245,1 
/csgo-images/181.jpg 405,138,453,237,0 343,127,383,221,0 375,129,410,219,0 
/csgo-images/182.jpg 362,130,412,212,0 
/csgo-images/183.jpg 279,138,368,312,1 
/csgo-images/184.jpg 292,163,335,227,1 338,158,373,207,1 
/csgo-images/185.jpg 339,175,373,219,0 
/csgo-images/186.jpg 424,141,450,190,1 
/csgo-images/187.jpg 350,188,414,332,1 
/csgo-images/188.jpg 232,162,286,238,1 298,158,324,211,1 
/csgo-images/189.jpg 310,177,351,245,0 388,178,424,237,0 
/csgo-images/19.jpg 343,166,388,258,1 436,130,504,251,1 
/csgo-images/190.jpg 276,141,334,259,0 428,167,477,245,0 380,158,403,221,0 
/csgo-images/191.jpg 305,170,402,288,1 
/csgo-images/192.jpg 257,134,346,260,0 401,155,432,211,0 
/csgo-images/193.jpg 306,145,377,278,1 371,152,403,237,1 
/csgo-images/194.jpg 291,134,343,222,0 
/csgo-images/195.jpg 306,155,368,248,0 
/csgo-images/196.jpg 480,188,558,339,1 323,184,353,222,1 
/csgo-images/197.jpg 399,130,440,237,0 329,127,368,222,0 362,127,406,214,0 
/csgo-images/198.jpg 291,153,372,274,0 
/csgo-images/199.jpg 388,105,498,374,0 323,160,354,225,0 368,158,395,226,0 
/csgo-images/2.jpg 364,126,450,282,0 
/csgo-images/20.jpg 380,147,403,185,1 
/csgo-images/200.jpg 265,107,350,312,0 402,137,438,197,0 368,144,406,199,0 
/csgo-images/201.jpg 302,162,381,363,1 372,199,432,325,1 
/csgo-images/202.jpg 334,148,381,247,0 277,140,332,259,0 
/csgo-images/203.jpg 305,142,349,237,1 
/csgo-images/204.jpg 242,141,287,222,0 360,132,406,238,0 
/csgo-images/205.jpg 318,178,343,218,1 
/csgo-images/206.jpg 358,97,406,182,0 292,226,424,377,0 
/csgo-images/207.jpg 403,184,443,229,1 483,178,517,225,1 
/csgo-images/208.jpg 499,174,543,244,0 375,164,420,240,0 344,178,381,225,0 
/csgo-images/209.jpg 302,115,334,156,0 
/csgo-images/21.jpg 151,75,236,204,1 384,40,458,166,1 
/csgo-images/210.jpg 242,152,279,200,0 299,152,332,204,0 299,149,332,204,0 346,145,377,201,0 
/csgo-images/211.jpg 184,138,296,365,0 28,163,148,382,0 
/csgo-images/212.jpg 394,107,436,203,1 342,147,373,190,0 
/csgo-images/213.jpg 307,115,401,299,1 
/csgo-images/214.jpg 270,85,331,175,1 199,82,240,171,1 235,97,272,169,1 
/csgo-images/215.jpg 299,163,366,274,1 
/csgo-images/216.jpg 269,104,335,233,1 392,148,432,204,1 
/csgo-images/217.jpg 283,175,318,240,0 324,170,351,234,0 
/csgo-images/218.jpg 446,136,498,214,0 
/csgo-images/219.jpg 254,178,295,233,1 336,185,376,249,1 388,163,414,249,1 
/csgo-images/22.jpg 286,156,335,260,0 443,166,476,247,0 325,170,380,317,0 380,173,413,249,0 
/csgo-images/220.jpg 297,53,368,263,1 
/csgo-images/221.jpg 198,160,255,223,1 314,158,353,211,1 
/csgo-images/222.jpg 371,169,416,236,1 313,179,344,226,1 
/csgo-images/223.jpg 321,175,377,258,1 243,156,288,271,1 
/csgo-images/224.jpg 386,103,483,323,1 277,129,409,360,1 
/csgo-images/225.jpg 294,134,325,184,0 
/csgo-images/226.jpg 280,147,320,233,1 451,199,484,247,0 
/csgo-images/227.jpg 236,129,369,382,1 
/csgo-images/228.jpg 327,166,355,210,1 
/csgo-images/229.jpg 301,149,338,206,1 
/csgo-images/23.jpg 328,152,346,181,0 
/csgo-images/230.jpg 239,93,391,351,1 413,123,440,163,1 
/csgo-images/231.jpg 46,147,113,296,1 316,169,395,280,1 
/csgo-images/232.jpg 297,140,328,188,0 445,127,490,221,0 
/csgo-images/233.jpg 203,156,262,251,0 259,149,295,218,0 
/csgo-images/234.jpg 368,115,436,229,1 
/csgo-images/235.jpg 453,116,508,210,0 379,121,416,167,0 416,121,457,164,0 
/csgo-images/236.jpg 334,177,360,218,1 473,196,569,376,1 
/csgo-images/237.jpg 269,162,347,330,0 
/csgo-images/238.jpg 240,158,276,188,1 
/csgo-images/239.jpg 251,121,349,262,1 
/csgo-images/24.jpg 210,144,275,225,0 313,195,402,322,0 291,138,329,195,0 357,134,390,217,0 386,163,442,251,0 
/csgo-images/240.jpg 283,140,318,232,0 316,144,358,234,0 
/csgo-images/241.jpg 332,171,364,211,0 
/csgo-images/242.jpg 291,126,403,378,0 409,141,451,236,0 
/csgo-images/243.jpg 217,153,250,206,0 
/csgo-images/244.jpg 320,136,364,217,1 
/csgo-images/245.jpg 321,163,390,264,0 
/csgo-images/246.jpg 277,115,346,285,1 277,118,336,285,1 353,118,410,244,1 
/csgo-images/247.jpg 270,144,353,339,0 179,153,255,311,0 137,144,207,310,0 
/csgo-images/248.jpg 305,118,332,162,0 
/csgo-images/249.jpg 187,162,233,218,1 355,169,397,258,1 
/csgo-images/25.jpg 161,158,298,382,0 286,160,362,378,0 
/csgo-images/250.jpg 209,145,268,218,0 317,197,401,319,0 290,138,328,207,0 353,144,387,217,0 392,166,443,254,0 
/csgo-images/251.jpg 321,178,366,269,0 
/csgo-images/252.jpg 314,164,354,234,1 213,160,266,293,1 264,163,320,284,1 
/csgo-images/253.jpg
/csgo-images/254.jpg 513,159,674,374,0 335,155,376,215,0 366,153,398,218,0 
/csgo-images/255.jpg 176,179,209,233,1 
/csgo-images/256.jpg 275,116,340,296,1 450,159,487,227,1 395,155,425,204,1 
/csgo-images/257.jpg 321,215,373,280,1 
/csgo-images/258.jpg 131,158,281,381,0 309,166,365,328,0 454,163,512,306,0 634,163,679,326,0 
/csgo-images/259.jpg 317,152,372,307,1 
/csgo-images/26.jpg 380,125,398,153,0 
/csgo-images/260.jpg 425,107,488,252,0 372,116,413,227,0 
/csgo-images/261.jpg 334,193,375,249,1 
/csgo-images/262.jpg 305,126,339,208,0 334,118,403,288,0 
/csgo-images/263.jpg 229,188,261,215,0 
/csgo-images/264.jpg 560,153,604,237,0 534,148,571,232,0 509,145,545,212,0 
/csgo-images/265.jpg 440,125,501,238,0 
/csgo-images/266.jpg 427,129,468,217,1 327,175,353,219,1 
/csgo-images/267.jpg 381,148,410,203,0 
/csgo-images/268.jpg 201,122,281,247,0 
/csgo-images/269.jpg 362,173,395,221,1 
/csgo-images/27.jpg 412,127,451,222,0 349,118,387,207,0 371,122,413,211,0 
/csgo-images/270.jpg 168,152,292,382,0 287,153,391,382,0 
/csgo-images/271.jpg 392,137,453,273,1 
/csgo-images/272.jpg 361,175,394,244,1 
/csgo-images/273.jpg 266,125,353,281,0 
/csgo-images/274.jpg 80,171,210,380,0 
/csgo-images/275.jpg 306,142,343,226,1 
/csgo-images/276.jpg 279,167,310,227,0 320,166,343,217,0 303,212,365,330,0 
/csgo-images/277.jpg 413,163,457,237,0 334,116,397,259,0 235,137,286,232,0 169,162,198,207,0 203,160,222,214,0 
/csgo-images/278.jpg 107,195,254,380,0 335,179,377,281,0 
/csgo-images/279.jpg 114,160,161,214,0 187,145,228,222,0 451,160,516,255,0 336,86,466,312,0 
/csgo-images/28.jpg
/csgo-images/280.jpg 334,130,355,166,1 
/csgo-images/281.jpg 349,147,417,325,1 
/csgo-images/282.jpg 177,152,360,366,1 
/csgo-images/283.jpg 95,149,158,240,0 220,158,264,233,0 258,152,296,226,0 
/csgo-images/284.jpg 302,134,357,207,0 
/csgo-images/285.jpg 368,123,398,163,1 
/csgo-images/286.jpg 316,158,344,211,1 
/csgo-images/287.jpg 320,167,360,233,1 294,162,331,222,1 
/csgo-images/288.jpg 361,133,408,225,0 
/csgo-images/289.jpg 335,89,572,378,0 259,126,314,245,0 
/csgo-images/29.jpg 235,137,351,382,1 
/csgo-images/290.jpg 301,169,368,296,1 
/csgo-images/291.jpg 303,134,332,182,0 
/csgo-images/292.jpg 227,175,280,249,1 536,149,610,314,1 
/csgo-images/293.jpg
/csgo-images/294.jpg 199,121,240,210,1 291,123,327,211,1 
/csgo-images/295.jpg 210,136,298,270,0 316,137,375,270,0 477,181,502,219,1 
/csgo-images/296.jpg 190,107,382,370,1 
/csgo-images/297.jpg 350,145,408,256,0 314,152,360,247,0 
/csgo-images/298.jpg 269,193,307,273,0 323,199,358,267,0 
/csgo-images/299.jpg 593,240,656,322,0 
/csgo-images/3.jpg 365,142,432,260,0 
/csgo-images/30.jpg 346,188,383,275,1 
/csgo-images/300.jpg 355,141,416,280,0 292,130,317,169,1 
/csgo-images/301.jpg 350,130,383,249,1 421,140,460,234,1 358,126,425,274,1 
/csgo-images/302.jpg 240,151,336,293,1 
/csgo-images/303.jpg 332,151,368,262,0 371,160,401,229,0 
/csgo-images/304.jpg 254,137,309,238,0 
/csgo-images/305.jpg 357,175,383,227,0 406,182,432,223,0 
/csgo-images/306.jpg 154,169,210,251,1 327,145,391,315,1 
/csgo-images/307.jpg 357,148,382,186,1 
/csgo-images/308.jpg 294,111,361,247,0 
/csgo-images/309.jpg 298,166,343,241,1 
/csgo-images/31.jpg 210,123,338,369,1 
/csgo-images/310.jpg 368,163,412,244,1 
/csgo-images/311.jpg 246,148,339,297,0 417,173,453,238,0 358,163,405,259,0 
/csgo-images/312.jpg 232,149,297,300,0 343,142,472,354,0 288,153,357,328,0 
/csgo-images/313.jpg 164,107,273,329,1 273,174,368,376,1 
/csgo-images/314.jpg 320,162,369,314,1 
/csgo-images/315.jpg 276,136,381,370,1 
/csgo-images/316.jpg 287,136,358,289,1 364,149,406,233,1 336,147,376,236,1 
/csgo-images/317.jpg 461,218,539,296,0 318,207,379,284,0 431,177,494,249,0 373,173,421,236,0 
/csgo-images/318.jpg 340,156,384,251,1 443,188,464,226,1 
/csgo-images/319.jpg
/csgo-images/32.jpg 313,138,349,208,1 360,162,384,222,1 
/csgo-images/320.jpg 309,122,364,269,1 
/csgo-images/321.jpg 424,223,472,321,1 557,107,679,362,1 
/csgo-images/322.jpg 391,137,461,267,0 
/csgo-images/323.jpg 364,136,403,193,0 265,238,321,328,1 
/csgo-images/324.jpg 434,125,472,190,0 349,133,386,225,0 
/csgo-images/325.jpg 262,147,303,212,0 
/csgo-images/326.jpg 270,159,332,334,0 179,167,291,382,0 
/csgo-images/327.jpg 273,169,349,382,1 344,203,405,332,1 
/csgo-images/328.jpg 179,160,211,229,1 
/csgo-images/329.jpg 324,151,347,196,1 
/csgo-images/33.jpg 350,153,392,238,1 
/csgo-images/330.jpg 310,181,332,217,0 
/csgo-images/331.jpg 362,175,397,233,1 
/csgo-images/332.jpg 494,169,561,233,0 292,184,350,256,1 
/csgo-images/333.jpg 268,166,336,267,0 
/csgo-images/334.jpg 384,158,440,263,0 
/csgo-images/335.jpg 365,159,399,232,0 162,108,255,273,0 84,152,118,197,0 136,152,173,217,0 
/csgo-images/336.jpg 181,148,301,359,0 
/csgo-images/337.jpg 117,179,253,378,0 0,175,96,380,0 
/csgo-images/338.jpg 365,126,449,317,0 
/csgo-images/339.jpg 258,192,281,219,1 
/csgo-images/34.jpg 269,144,399,382,1 
/csgo-images/340.jpg 325,147,399,280,1 
/csgo-images/341.jpg
/csgo-images/342.jpg 166,138,276,315,1 
/csgo-images/343.jpg 324,173,371,266,0 
/csgo-images/344.jpg
/csgo-images/345.jpg 323,148,412,273,1 
/csgo-images/346.jpg 344,158,397,260,0 
/csgo-images/347.jpg 314,185,372,278,0 347,89,387,162,0 
/csgo-images/348.jpg 314,197,513,380,0 
/csgo-images/349.jpg 125,123,292,381,1 
/csgo-images/35.jpg 273,160,314,241,0 398,67,424,116,0 
/csgo-images/350.jpg 394,181,412,211,1 
/csgo-images/351.jpg 279,133,328,217,0 41,121,88,182,0 
/csgo-images/352.jpg 310,166,339,232,1 325,186,368,273,1 
/csgo-images/353.jpg 349,185,366,219,1 
/csgo-images/354.jpg 320,169,355,237,0 
/csgo-images/355.jpg 98,144,213,321,0 369,156,405,229,0 251,156,280,245,0 286,152,318,234,0 
/csgo-images/356.jpg 294,162,376,374,1 366,201,414,329,1 
/csgo-images/357.jpg
/csgo-images/358.jpg 253,163,288,238,0 292,162,347,263,0 
/csgo-images/359.jpg 331,263,371,336,1 0,271,69,370,1 
/csgo-images/36.jpg 472,138,512,214,0 472,133,519,214,0 517,133,562,223,0 
/csgo-images/360.jpg 302,134,355,273,1 
/csgo-images/361.jpg 349,155,384,243,1 
/csgo-images/362.jpg 456,138,525,286,1 375,144,447,317,1 
/csgo-images/363.jpg 336,190,372,280,1 365,200,397,254,1 
/csgo-images/364.jpg 343,169,384,218,1 
/csgo-images/365.jpg 266,167,294,236,0 358,175,388,219,1 
/csgo-images/366.jpg 294,133,339,219,1 235,141,283,225,1 
/csgo-images/367.jpg 229,105,272,190,0 280,104,332,189,0 301,273,432,382,0 
/csgo-images/368.jpg 100,149,155,206,0 286,126,342,244,0 
/csgo-images/369.jpg 96,151,151,237,0 129,127,158,182,1 
/csgo-images/37.jpg 416,178,438,206,1 
/csgo-images/370.jpg 129,184,205,262,0 302,218,387,347,0 228,162,272,230,0 301,167,340,237,0 358,185,403,255,0 
/csgo-images/371.jpg 275,169,334,293,0 
/csgo-images/372.jpg 327,119,390,284,1 
/csgo-images/373.jpg 298,34,366,178,0 
/csgo-images/374.jpg 497,70,632,317,1 436,149,521,266,1 343,177,376,215,1 
/csgo-images/375.jpg 395,73,514,354,1 
/csgo-images/376.jpg 225,57,450,382,1 
/csgo-images/377.jpg 273,171,310,218,1 302,129,442,340,1 371,0,679,382,1 
/csgo-images/378.jpg 312,158,353,226,0 
/csgo-images/379.jpg 247,185,316,286,0 318,184,376,278,0 
/csgo-images/38.jpg 390,147,439,254,1 283,163,312,218,1 
/csgo-images/380.jpg 269,136,358,343,1 
/csgo-images/381.jpg 497,125,595,286,1 327,129,434,382,1 298,115,414,381,1 255,170,313,237,1 
/csgo-images/382.jpg 184,127,295,351,1 
/csgo-images/383.jpg 268,185,379,311,0 
/csgo-images/384.jpg 318,141,357,207,1 
/csgo-images/385.jpg 369,264,417,348,1 
/csgo-images/386.jpg 180,96,299,382,0 
/csgo-images/387.jpg 251,151,303,223,0 376,127,480,282,0 305,133,368,255,0 
/csgo-images/388.jpg 310,122,432,337,1 
/csgo-images/389.jpg 228,71,392,337,0 646,196,679,269,0 
/csgo-images/39.jpg 217,162,250,223,1 
/csgo-images/390.jpg 399,197,458,273,0 
/csgo-images/391.jpg 297,151,354,225,0 
/csgo-images/392.jpg 232,0,383,328,1 
/csgo-images/393.jpg
/csgo-images/394.jpg 316,178,360,251,0 
/csgo-images/395.jpg 339,89,403,263,1 406,99,461,254,1 445,118,491,233,1 
/csgo-images/396.jpg 290,162,371,289,1 
/csgo-images/397.jpg 349,171,380,223,0 
/csgo-images/398.jpg 255,167,398,355,1 
/csgo-images/399.jpg 87,123,131,174,0 309,122,344,217,0 221,78,249,101,0 
/csgo-images/4.jpg 546,148,597,241,0 
/csgo-images/40.jpg 286,114,421,382,0 
/csgo-images/400.jpg 313,179,362,256,0 
/csgo-images/401.jpg 327,149,410,260,1 
/csgo-images/402.jpg 351,167,413,251,1 
/csgo-images/403.jpg 276,134,383,381,1 
/csgo-images/405.jpg 216,119,299,259,0 375,133,427,251,0 410,71,510,306,0 
/csgo-images/406.jpg 233,110,299,269,1 365,26,550,382,1 
/csgo-images/407.jpg 449,145,512,254,0 
/csgo-images/408.jpg 191,132,312,382,1 
/csgo-images/409.jpg
/csgo-images/41.jpg 257,140,323,262,0 320,134,401,270,0 
/csgo-images/410.jpg 295,122,388,314,0 402,147,450,254,0 362,151,401,230,0 
/csgo-images/411.jpg 201,122,259,203,0 504,48,652,270,0 
/csgo-images/412.jpg 334,0,480,170,0 
/csgo-images/413.jpg 288,122,332,269,1 338,125,380,233,1 
/csgo-images/414.jpg 294,158,336,243,0 427,86,580,363,0 
/csgo-images/415.jpg 243,112,382,373,1 
/csgo-images/416.jpg 360,160,408,230,1 323,174,364,238,1 
/csgo-images/417.jpg 216,189,253,241,1 
/csgo-images/418.jpg 316,186,347,237,1 401,185,431,240,1 
/csgo-images/419.jpg
/csgo-images/42.jpg 442,132,534,247,1 
/csgo-images/420.jpg 373,119,439,230,1 
/csgo-images/421.jpg 357,192,392,222,1 
/csgo-images/422.jpg 466,144,493,192,0 
/csgo-images/423.jpg 249,170,283,206,1 249,170,286,212,1 
/csgo-images/424.jpg 111,126,246,382,0 371,181,394,225,0 
/csgo-images/425.jpg 292,162,340,233,1 397,171,447,266,1 
/csgo-images/426.jpg 339,138,371,179,0 
/csgo-images/427.jpg 218,118,347,334,1 
/csgo-images/428.jpg
/csgo-images/429.jpg 0,118,55,219,1 276,129,331,238,1 
/csgo-images/43.jpg 349,123,420,277,0 292,140,361,252,0 
/csgo-images/430.jpg 380,90,553,382,0 209,121,316,382,0 306,123,342,190,0 
/csgo-images/431.jpg 158,141,217,267,0 
/csgo-images/432.jpg 429,116,499,229,1 332,141,357,201,1 
/csgo-images/433.jpg 239,114,328,323,0 239,114,328,323,0 329,141,399,274,0 
/csgo-images/434.jpg 220,144,338,303,0 
/csgo-images/44.jpg 137,152,173,208,1 201,152,235,214,1 320,140,386,247,1 
/csgo-images/45.jpg 303,67,369,192,1 
/csgo-images/46.jpg 270,132,340,282,1 375,147,416,237,1 429,147,466,227,1 
/csgo-images/47.jpg 187,97,296,349,1 343,96,429,339,1 438,164,475,255,1 
/csgo-images/48.jpg 255,163,306,252,1 
/csgo-images/49.jpg 307,182,373,244,1 
/csgo-images/5.jpg 228,155,338,269,1 
/csgo-images/50.jpg 294,169,387,376,1 
/csgo-images/51.jpg 372,182,413,240,0 
/csgo-images/52.jpg 0,145,139,354,0 290,160,342,269,0 
/csgo-images/53.jpg 406,153,494,325,0 
/csgo-images/54.jpg 412,137,487,240,0 
/csgo-images/55.jpg 251,132,310,237,0 366,158,416,219,0 
/csgo-images/56.jpg 4,115,41,186,0 301,132,357,212,0 
/csgo-images/57.jpg 372,177,414,259,1 
/csgo-images/58.jpg 369,184,403,236,1 
/csgo-images/59.jpg 306,123,431,382,1 
/csgo-images/6.jpg 309,132,456,382,1 
/csgo-images/60.jpg 279,159,338,343,1 323,196,382,333,1 
/csgo-images/61.jpg 179,144,249,288,0 244,137,312,274,0 
/csgo-images/62.jpg 209,177,328,382,0 399,186,435,238,0 288,170,380,347,0 
/csgo-images/63.jpg 272,97,318,184,1 310,160,344,223,1 
/csgo-images/64.jpg 317,160,365,247,1 401,181,428,226,1 358,170,387,218,1 
/csgo-images/65.jpg 26,137,244,382,0 316,158,375,274,0 
/csgo-images/66.jpg 321,136,365,232,0 397,145,436,226,0 
/csgo-images/67.jpg 491,86,532,171,0 
/csgo-images/68.jpg 286,144,353,274,0 224,142,258,252,0 253,149,302,255,0 
/csgo-images/69.jpg 321,141,386,263,0 
/csgo-images/7.jpg 9,153,69,282,1 275,156,331,314,1 
/csgo-images/70.jpg 445,133,532,285,0 
/csgo-images/71.jpg
/csgo-images/72.jpg 328,145,409,308,1 397,133,446,275,1 
/csgo-images/73.jpg 280,148,358,306,1 
/csgo-images/74.jpg 383,149,443,312,0 313,160,369,256,0 
/csgo-images/75.jpg 406,137,491,254,1 14,127,95,247,1 
/csgo-images/76.jpg 275,175,325,240,1 365,184,402,248,1 394,155,436,236,1 
/csgo-images/77.jpg 307,167,342,232,1 381,160,403,215,1 343,158,386,241,1 
/csgo-images/78.jpg 318,93,375,188,0 
/csgo-images/79.jpg 336,123,431,323,0 435,140,468,208,0 
/csgo-images/8.jpg 154,86,276,248,1 
/csgo-images/80.jpg
/csgo-images/81.jpg 302,181,334,217,0 368,182,397,208,0 
/csgo-images/82.jpg 216,201,265,312,1 339,190,377,273,1 281,192,336,286,1 
/csgo-images/83.jpg 292,178,379,356,1 
/csgo-images/84.jpg 298,162,379,295,1 209,181,284,271,1 
/csgo-images/85.jpg 244,141,323,277,0 313,142,379,256,0 632,166,679,233,1 
/csgo-images/86.jpg 335,145,428,329,1 
/csgo-images/87.jpg 314,158,357,232,0 340,148,395,227,0 
/csgo-images/88.jpg 394,182,458,273,0 
/csgo-images/89.jpg 298,159,340,245,1 358,163,391,285,1 
/csgo-images/9.jpg 360,145,419,244,1 
/csgo-images/90.jpg 316,107,443,378,1 
/csgo-images/91.jpg 431,137,471,204,1 323,145,354,189,1 
/csgo-images/92.jpg 309,147,355,241,1 276,200,313,244,1 
/csgo-images/93.jpg 342,138,397,230,0 
/csgo-images/94.jpg 329,171,427,337,0 
/csgo-images/95.jpg 346,197,436,325,1 
/csgo-images/96.jpg
/csgo-images/97.jpg 440,142,475,208,1 
/csgo-images/98.jpg 450,152,499,254,0 335,156,371,243,0 142,138,254,382,0 2,118,169,382,0 
/csgo-images/99.jpg 351,177,384,223,0 401,184,420,212,0 