/csgo-images/csgo000206.jpg 267,211,294,324,0 373,249,389,308,0
/csgo-images/csgo000207.jpg 402,238,443,330,0 75,182,141,304,0
/csgo-images/csgo000208.jpg 194,197,217,248,0 235,199,258,249,0 659,224,717,354,0
/csgo-images/csgo000209.jpg 289,205,334,296,0 372,202,414,287,0
/csgo-images/csgo000210.jpg 173,183,250,305,1 310,187,355,288,1
/csgo-images/csgo000211.jpg 508,210,566,337,1 47,210,110,314,1
/csgo-images/csgo000212.jpg 318,217,368,291,0 569,190,643,269,0
/csgo-images/csgo000213.jpg 656,222,708,303,1 435,197,449,224,1 454,200,470,229,1
/csgo-images/csgo000214.jpg 523,152,559,232,1 738,329,872,661,0 1163,363,1220,450,0 1569,356,1602,419,0
/csgo-images/csgo000215.jpg 147,372,278,577,0 713,375,736,447,0
/csgo-images/csgo000216.jpg 956,299,1070,512,1
/csgo-images/csgo000217.jpg 507,490,617,739,0 912,360,983,480,1
/csgo-images/csgo000218.jpg 45,366,78,432,1 471,423,525,560,0 519,363,540,425,1 1091,348,1109,386,0 1169,405,1215,521,0 569,451,742,680,1
/csgo-images/csgo000219.jpg 880,402,923,503,1 938,259,963,309,0 1391,113,1462,197,1
/csgo-images/csgo000220.jpg 160,139,249,266,1 1006,330,1026,369,1 837,341,851,356,0 882,373,895,383,1 885,670,990,863,0
/csgo-images/csgo000221.jpg 712,225,785,320,1 194,187,241,263,1 69,185,81,206,1
/csgo-images/csgo000222.jpg 262,144,309,240,1 492,150,511,186,0
/csgo-images/csgo000223.jpg 374,189,387,215,0 441,186,466,242,1 534,120,551,146,1
/csgo-images/csgo000224.jpg 327,248,364,318,0
/csgo-images/csgo000225.jpg 272,197,305,257,0 311,208,348,267,0 326,164,344,205,0
/csgo-images/csgo000226.jpg 462,386,616,694,0 883,228,914,299,1
/csgo-images/csgo000227.jpg 565,174,577,200,0 382,181,394,210,0 236,179,255,207,1 114,208,137,244,1
/csgo-images/csgo000228.jpg 567,151,595,185,1 804,148,831,211,1 279,161,306,193,1
/csgo-images/csgo000229.jpg 160,308,259,390,1 109,141,132,168,1 153,139,175,163,1
/csgo-images/csgo000230.jpg 367,195,388,234,0
/csgo-images/csgo000231.jpg 654,200,667,233,0 464,198,492,254,0 71,196,123,273,1
/csgo-images/csgo000232.jpg 495,184,530,255,1 200,181,247,269,1
/csgo-images/csgo000233.jpg 113,223,155,290,0 438,228,449,259,0 451,228,463,259,0
/csgo-images/csgo000234.jpg 487,235,514,271,0 486,160,500,191,0 277,215,296,243,1 171,217,192,234,1 123,217,134,232,1
/csgo-images/csgo000235.jpg 650,158,682,215,0 525,184,542,198,0 445,348,481,413,0 312,181,329,212,1 391,189,404,215,1 405,158,416,181,1 333,157,343,179,1
/csgo-images/csgo000236.jpg 598,231,624,267,0 406,207,418,235,0 156,216,168,225,1
/csgo-images/csgo000237.jpg 814,305,851,371,1 1213,446,1410,899,0
/csgo-images/csgo000238.jpg 647,192,700,277,1 422,200,439,233,1 382,194,411,266,1 332,162,342,175,0
/csgo-images/csgo000239.jpg 421,178,450,259,0
/csgo-images/csgo000240.jpg 197,82,379,426,0 529,208,563,276,0 528,156,538,165,1
/csgo-images/csgo000241.jpg 339,194,374,268,1 546,181,623,305,1
/csgo-images/csgo000242.jpg 682,208,736,280,1 60,206,92,259,1
/csgo-images/csgo000243.jpg 584,232,606,281,0 523,249,552,300,0 303,205,327,243,0 149,181,173,212,1
/csgo-images/csgo000244.jpg 474,204,522,306,0 374,210,391,246,1 113,214,124,231,1
/csgo-images/csgo000245.jpg 516,204,545,255,1 380,201,402,239,1 47,239,104,354,1
/csgo-images/csgo000246.jpg 804,190,831,248,0 459,188,489,260,1 250,190,285,246,1
/csgo-images/csgo000247.jpg 326,187,382,283,1 520,174,641,323,1
/csgo-images/csgo000248.jpg 727,284,794,396,1
/csgo-images/csgo000249.jpg 472,213,502,280,1 280,219,292,235,1
/csgo-images/csgo000250.jpg 601,216,636,268,1 451,210,478,247,1 153,209,175,245,1 168,237,213,333,1
/csgo-images/csgo000251.jpg 870,356,946,482,1
/csgo-images/csgo000252.jpg 690,354,782,513,1
/csgo-images/csgo000253.jpg 706,423,786,523,1 1060,274,1157,375,1
/csgo-images/csgo000254.jpg 744,384,810,519,1
/csgo-images/csgo000255.jpg 589,316,676,499,1 1008,329,1041,394,0
/csgo-images/csgo000256.jpg 574,335,635,491,0 1160,302,1289,751,0
/csgo-images/csgo000257.jpg 702,429,741,529,0 768,416,851,622,0
/csgo-images/csgo000258.jpg 666,336,823,678,1 1030,339,1147,645,1
/csgo-images/csgo000259.jpg 590,278,738,683,1
/csgo-images/csgo000260.jpg 936,303,1105,659,1
/csgo-images/csgo000261.jpg 210,262,312,469,1 781,228,827,365,1 1007,428,1235,736,1
/csgo-images/csgo000262.jpg 154,343,329,682,1 1185,344,1314,618,1
/csgo-images/csgo000263.jpg 597,327,842,791,1 1305,381,1386,514,1
/csgo-images/csgo000264.jpg 129,337,273,574,1 450,343,532,552,1 1124,322,1291,630,1
/csgo-images/csgo000265.jpg 1028,250,1145,596,1
/csgo-images/csgo000266.jpg 164,281,373,638,1 840,267,991,624,1
/csgo-images/csgo000267.jpg 694,416,757,565,1 943,454,1010,621,1
/csgo-images/csgo000268.jpg 702,473,810,669,0
/csgo-images/csgo000269.jpg 821,264,956,532,1 1128,260,1278,562,1 1362,287,1433,421,1 1604,260,1763,564,1
/csgo-images/csgo000270.jpg 264,306,445,684,1 1379,306,1542,626,1
/csgo-images/csgo000271.jpg 604,300,650,386,1 1591,283,1687,476,1 1207,286,1403,597,1
/csgo-images/csgo000272.jpg 560,436,702,705,0
/csgo-images/csgo000273.jpg 840,446,926,586,1
/csgo-images/csgo000274.jpg 769,349,839,537,1
/csgo-images/csgo000275.jpg 670,380,846,848,1 1154,415,1310,638,1
/csgo-images/csgo000276.jpg 523,441,705,908,1 1069,446,1146,797,1 947,500,980,564,0 822,482,840,535,0 840,483,853,529,0
/csgo-images/csgo000277.jpg 1041,373,1116,527,0 844,447,967,682,0 785,469,816,507,1 817,412,840,457,1 1295,431,1415,680,1 1839,411,1920,821,1
/csgo-images/csgo000278.jpg 468,490,552,643,0 1336,527,1401,624,0
/csgo-images/csgo000279.jpg 716,264,854,645,0
/csgo-images/csgo000280.jpg 663,410,726,619,0 912,424,938,499,0
/csgo-images/csgo000281.jpg 858,421,923,626,0
/csgo-images/csgo000282.jpg 685,433,723,499,0 988,434,1023,496,0
/csgo-images/csgo000283.jpg 676,470,782,652,1 936,439,1106,787,1 1125,473,1163,550,1
/csgo-images/csgo000284.jpg 872,455,932,574,0 997,390,1122,779,0
/csgo-images/csgo000285.jpg 841,531,893,697,0 665,707,759,892,0
/csgo-images/csgo000286.jpg 870,495,891,554,0 911,489,955,605,0
/csgo-images/csgo000287.jpg 718,418,775,536,0 1084,405,1203,655,0
/csgo-images/csgo000288.jpg 798,502,856,611,1 932,509,1018,644,1
/csgo-images/csgo000289.jpg 814,459,867,588,0
/csgo-images/csgo000290.jpg 898,316,1056,849,0
/csgo-images/csgo000291.jpg 928,521,980,623,0
/csgo-images/csgo000292.jpg 1108,435,1118,467,0 994,529,1036,610,0 825,468,860,529,0 565,405,590,445,1 1636,573,1669,601,0
/csgo-images/csgo000293.jpg 972,531,1001,576,1
/csgo-images/csgo000294.jpg 688,452,763,610,0 1337,455,1400,615,0
/csgo-images/csgo000295.jpg 792,495,850,571,1
/csgo-images/csgo000296.jpg 1118,309,1293,675,1
/csgo-images/csgo000297.jpg 528,435,704,927,1 815,484,843,571,0 1047,486,1072,552,0
/csgo-images/csgo000298.jpg 769,537,812,665,0 1093,523,1122,610,0
/csgo-images/csgo000299.jpg 394,493,454,602,0 478,497,512,567,0 1155,485,1228,624,1
/csgo-images/csgo000300.jpg 1426,374,1537,644,0 964,358,1089,706,0
/csgo-images/csgo000301.jpg 686,422,845,858,0
/csgo-images/csgo000302.jpg 473,550,509,596,1 960,540,993,606,0 1219,572,1265,660,0
/csgo-images/csgo000303.jpg 495,314,560,467,0 1043,270,1210,703,0
/csgo-images/csgo000304.jpg 990,333,1094,610,0
/csgo-images/csgo000305.jpg 923,381,1077,858,0
/csgo-images/csgo000306.jpg 535,361,650,657,1 1317,358,1363,524,1 1389,352,1525,623,1
/csgo-images/csgo000307.jpg 299,297,380,426,1 863,406,937,578,1 1469,406,1560,574,1
/csgo-images/csgo000308.jpg 953,400,1008,548,1
/csgo-images/csgo000309.jpg 369,305,786,966,1 1146,370,1230,553,1
/csgo-images/csgo000310.jpg 551,446,635,661,1 1590,437,1773,776,1
/csgo-images/csgo000311.jpg 737,150,817,316,1
/csgo-images/csgo000312.jpg 1091,393,1154,552,1 408,307,470,424,1
/csgo-images/csgo000313.jpg 724,629,876,1025,1 600,290,685,385,1
/csgo-images/csgo000314.jpg 235,386,294,488,1 744,386,803,516,1 901,354,1049,766,1
/csgo-images/csgo000315.jpg 1019,477,1057,583,1 615,477,663,570,1
/csgo-images/csgo000316.jpg 887,487,951,637,1
/csgo-images/csgo000317.jpg 1753,367,1890,529,1 1422,436,1603,783,1
/csgo-images/csgo000318.jpg 311,386,605,721,1 1354,365,1552,730,1 1184,390,1342,673,1
/csgo-images/csgo000319.jpg 1088,483,1150,624,1 1736,481,1815,605,1
/csgo-images/csgo000320.jpg 980,517,997,557,1 969,554,1000,608,1
/csgo-images/csgo000321.jpg 793,508,853,642,1 1041,468,1070,542,1
/csgo-images/csgo000322.jpg 154,293,567,944,1
/csgo-images/csgo000323.jpg 1028,325,1206,601,1
/csgo-images/csgo000324.jpg 1005,397,1129,647,1
/csgo-images/csgo000325.jpg 569,433,644,559,1 643,427,696,548,1 755,431,868,607,1
/csgo-images/csgo000326.jpg 1010,450,1039,500,1 760,251,902,571,1
/csgo-images/csgo000327.jpg 963,453,1056,631,1
/csgo-images/csgo000328.jpg 815,437,939,657,1
/csgo-images/csgo000329.jpg 984,497,1065,619,1 941,494,970,566,1 911,489,947,590,1 870,494,907,594,1
/csgo-images/csgo000330.jpg 559,365,600,448,1 857,273,912,385,1 1222,374,1250,448,1 1308,376,1337,437,1
/csgo-images/csgo000331.jpg 512,372,662,653,1 1149,385,1204,525,1
/csgo-images/csgo000332.jpg 508,405,558,495,1
/csgo-images/csgo000333.jpg 826,410,909,578,1 983,410,1044,507,1 1045,392,1312,786,1
/csgo-images/csgo000334.jpg 423,341,505,509,1 956,451,1044,625,1
/csgo-images/csgo000335.jpg 857,470,886,542,1 898,529,940,617,1 1174,375,1199,430,1
/csgo-images/csgo000336.jpg 972,410,1047,548,1
/csgo-images/csgo000337.jpg 692,431,782,646,1 899,384,928,457,1 1246,428,1411,694,1
/csgo-images/csgo000338.jpg 929,448,990,572,1
/csgo-images/csgo000339.jpg 972,395,993,440,1 1120,478,1152,554,1 1056,534,1093,599,1
/csgo-images/csgo000340.jpg 1214,399,1277,551,1
/csgo-images/csgo000341.jpg 735,210,819,476,1 525,476,553,531,1 997,466,1037,533,1 941,440,962,473,1 1157,464,1196,548,1
/csgo-images/csgo000342.jpg 825,477,856,541,1
/csgo-images/csgo000343.jpg 598,411,669,584,1 764,390,787,432,1
/csgo-images/csgo000344.jpg 964,463,1028,618,1
/csgo-images/csgo000345.jpg 659,466,711,568,1 713,462,780,606,1 1063,419,1090,479,1
/csgo-images/csgo000346.jpg 1085,438,1164,581,1 65,352,134,464,1
/csgo-images/csgo000347.jpg 638,311,671,381,1 830,197,847,239,1 1106,343,1151,423,1 1274,395,1332,496,1 720,634,823,810,1 1074,227,1095,273,1 1091,242,1116,265,1
/csgo-images/csgo000348.jpg 639,415,673,476,1 889,472,911,518,1
/csgo-images/csgo000349.jpg 696,271,743,385,1 1206,370,1250,482,1
/csgo-images/csgo000350.jpg 1017,439,1059,563,1
/csgo-images/csgo000351.jpg 744,374,922,683,1 994,387,1105,608,1
/csgo-images/csgo000352.jpg 887,412,959,520,1 558,364,896,985,1
/csgo-images/csgo000353.jpg 646,349,744,601,1 829,346,936,632,1 1053,345,1177,663,1
/csgo-images/csgo000354.jpg 886,383,914,459,1
/csgo-images/csgo000355.jpg 808,379,850,497,1 872,383,901,459,1
/csgo-images/csgo000356.jpg 964,423,1032,593,1
/csgo-images/csgo000357.jpg 989,518,1041,643,1 760,425,791,488,1 1481,483,1525,548,1
/csgo-images/csgo000358.jpg 884,483,936,616,1 1131,463,1149,497,1 1296,495,1306,507,1 1254,495,1264,504,1
/csgo-images/csgo000359.jpg 24,641,164,818,1 816,475,857,539,1
/csgo-images/csgo000360.jpg 895,428,966,515,1
/csgo-images/csgo000361.jpg 968,406,1108,753,1
/csgo-images/csgo000362.jpg 1205,394,1416,716,1
/csgo-images/csgo000363.jpg 960,447,997,517,1
/csgo-images/csgo000364.jpg 859,420,937,467,1
/csgo-images/csgo000365.jpg 258,345,321,415,1 343,343,401,414,1 310,553,557,811,1 1390,354,1443,436,1
/csgo-images/csgo000366.jpg 491,354,552,435,1 1014,383,1089,500,1
/csgo-images/csgo000367.jpg 1125,359,1271,558,1
/csgo-images/csgo000368.jpg 1160,302,1216,405,1 662,558,796,737,1 600,475,708,632,1
/csgo-images/csgo000369.jpg 858,356,1000,615,1
/csgo-images/csgo000370.jpg 787,423,821,490,1
/csgo-images/csgo000371.jpg 832,308,968,575,1 1058,284,1106,369,1
/csgo-images/csgo000372.jpg 1113,474,1140,523,1 576,496,621,525,1
/csgo-images/csgo000373.jpg 663,583,719,671,1 1033,466,1066,511,1
/csgo-images/csgo000374.jpg 611,493,659,552,1 1010,578,1066,661,1 1763,590,1876,677,1
/csgo-images/csgo000375.jpg 819,449,908,611,1
/csgo-images/csgo000376.jpg 707,235,882,496,1
/csgo-images/csgo000377.jpg 899,403,970,485,1
/csgo-images/csgo000378.jpg 951,520,1033,626,1
/csgo-images/csgo000379.jpg 1052,411,1186,633,1
/csgo-images/csgo000380.jpg 789,412,931,730,1 930,401,1112,827,1
/csgo-images/csgo000381.jpg 887,293,1113,786,1
/csgo-images/csgo000382.jpg 464,374,721,953,1
/csgo-images/csgo000383.jpg 402,362,665,760,1
/csgo-images/csgo000384.jpg 734,360,797,477,1 1415,393,1687,777,1
/csgo-images/csgo000385.jpg 562,305,689,500,1 1172,407,1220,510,1
/csgo-images/csgo000386.jpg 103,397,207,520,1 1183,410,1212,470,1 1218,409,1254,469,1 1701,392,1816,609,1 836,414,845,516,1
/csgo-images/csgo000387.jpg 742,463,770,525,1 771,464,810,524,1 1334,453,1380,604,1
/csgo-images/csgo000388.jpg 1038,363,1065,487,1 1381,316,1575,644,1 382,290,681,839,1
/csgo-images/csgo000389.jpg 661,342,740,523,1 800,309,981,703,1
/csgo-images/csgo000390.jpg 593,267,900,912,1
/csgo-images/csgo000391.jpg 448,331,795,934,1 921,331,1175,910,1 1311,370,1411,601,1
/csgo-images/csgo000392.jpg 931,479,1000,563,1 337,610,399,668,1
/csgo-images/csgo000393.jpg 923,449,981,535,1
/csgo-images/csgo000394.jpg 1222,464,1273,610,1
/csgo-images/csgo000395.jpg 654,458,720,580,1
/csgo-images/csgo000396.jpg 774,420,891,718,1
/csgo-images/csgo000397.jpg 1025,420,1152,659,1
/csgo-images/csgo000398.jpg 1517,199,1684,452,1
/csgo-images/csgo000399.jpg 886,453,976,618,1
/csgo-images/csgo000400.jpg 1440,427,1531,588,1
/csgo-images/csgo000401.jpg 47,442,228,680,1
/csgo-images/csgo000425.jpg 179,461,450,929,0 444,465,592,763,0 603,470,763,823,0 883,355,910,398,1 1104,501,1146,602,1 1244,508,1282,595,1 1300,516,1344,589,1
/csgo-images/csgo000426.jpg 957,514,1005,609,1 1456,577,1519,705,1 1089,552,1149,635,1 984,339,1015,416,1
/csgo-images/csgo000427.jpg 1278,399,1305,460,1 297,427,493,946,0
/csgo-images/csgo000428.jpg 1416,545,1482,635,0 1575,538,1646,628,0 263,369,343,502,0
/csgo-images/csgo000429.jpg 1210,562,1270,679,0 467,564,500,625,1
/csgo-images/csgo000430.jpg 335,255,525,713,1
/csgo-images/csgo000431.jpg 1330,420,1422,601,1 471,389,550,571,1
/csgo-images/csgo000432.jpg 1186,362,1324,658,1
/csgo-images/csgo000433.jpg 844,307,890,396,1
/csgo-images/csgo000434.jpg 249,516,295,599,1
/csgo-images/csgo000435.jpg 524,555,608,697,0 712,544,800,723,0
/csgo-images/csgo000436.jpg 1364,548,1481,778,1 727,531,858,748,1 502,526,619,709,1 664,348,706,443,1
/csgo-images/csgo000437.jpg 792,777,869,937,0 420,760,474,861,1
/csgo-images/csgo000438.jpg 795,511,851,674,0
/csgo-images/csgo000439.jpg 406,441,569,751,0 857,401,947,624,0
/csgo-images/csgo000440.jpg 373,619,436,753,0 550,435,575,482,0
/csgo-images/csgo000441.jpg 900,303,935,363,1 1060,436,1124,572,1
/csgo-images/csgo000442.jpg 1295,563,1354,691,1 759,272,845,403,1
/csgo-images/csgo000443.jpg 235,460,390,708,0
/csgo-images/csgo000444.jpg 755,376,888,636,0 1108,310,1341,730,0
/csgo-images/csgo000445.jpg 806,506,921,806,0 57,394,414,1016,0
/csgo-images/csgo000446.jpg 616,448,769,797,1 1025,465,1063,567,1
/csgo-images/csgo000447.jpg 1610,570,1752,705,1
/csgo-images/csgo000448.jpg 1283,488,1358,619,1 720,498,766,596,1
/csgo-images/csgo000449.jpg 488,342,820,675,1 1108,417,1164,528,1
/csgo-images/csgo000450.jpg 656,400,860,837,1 239,431,325,562,1 520,455,547,498,1
/csgo-images/csgo000451.jpg 1610,530,1699,642,1 177,483,336,736,1
/csgo-images/csgo000452.jpg 1082,423,1171,595,1
/csgo-images/csgo000453.jpg 1423,169,1490,307,1 1261,578,1388,758,1
/csgo-images/csgo000454.jpg 1662,334,1797,594,0 626,367,648,427,0
/csgo-images/csgo000455.jpg 1312,518,1383,647,1 198,513,250,577,1
/csgo-images/csgo000456.jpg 1697,504,1804,659,1 0,503,84,599,1
/csgo-images/csgo000457.jpg 177,510,317,692,1
/csgo-images/csgo000458.jpg 217,446,288,554,1 570,647,670,953,1
/csgo-images/csgo000459.jpg 1521,655,1769,884,1 295,204,383,320,1
/csgo-images/csgo000460.jpg 47,534,302,757,1 1745,266,1799,329,1
/csgo-images/csgo000461.jpg 807,383,909,521,1
/csgo-images/csgo000462.jpg 842,218,969,496,1
/csgo-images/csgo000463.jpg 804,434,873,624,0
/csgo-images/csgo000464.jpg 393,262,516,490,0
/csgo-images/csgo000465.jpg 1081,539,1110,607,1 763,541,784,583,1
/csgo-images/csgo000466.jpg 1296,448,1371,622,1 482,458,542,556,1
/csgo-images/csgo000467.jpg 1399,516,1488,622,1 432,504,543,759,1 412,506,428,528,0
/csgo-images/csgo000468.jpg 1445,488,1488,576,1 1044,474,1067,538,1 1119,487,1142,536,1 114,551,242,849,0
/csgo-images/csgo000469.jpg 1010,456,1093,651,0 1482,437,1693,798,0 1880,474,1920,854,0
/csgo-images/csgo000470.jpg 819,534,904,772,0 877,484,904,528,1
/csgo-images/csgo000471.jpg 764,471,806,543,1 485,459,577,608,1 443,484,531,586,1
/csgo-images/csgo000472.jpg 773,522,804,609,0
/csgo-images/csgo000473.jpg 246,415,360,664,0 552,433,656,702,0
/csgo-images/csgo000474.jpg 1355,616,1432,785,0 1674,686,1839,933,0
/csgo-images/csgo000475.jpg 798,518,890,660,1
/csgo-images/csgo000476.jpg 411,567,571,746,1
/csgo-images/csgo000477.jpg 635,525,662,578,1 977,524,996,575,0 1048,523,1063,569,0 1187,434,1216,462,1
/csgo-images/csgo000478.jpg 1202,517,1304,724,1 598,557,653,624,1
/csgo-images/csgo000479.jpg 762,635,808,729,0 850,416,881,488,1
/csgo-images/csgo000480.jpg 1381,264,1498,480,0 956,336,1025,484,0 929,373,944,483,0
/csgo-images/csgo000481.jpg 782,609,838,759,0 356,577,484,886,0 1,584,201,875,0 109,347,224,462,1
/csgo-images/csgo000482.jpg 454,479,578,702,0 599,482,702,677,0 773,473,850,716,0 637,304,695,391,1 1126,490,1181,643,0
/csgo-images/csgo000483.jpg 1155,296,1301,554,1 757,505,801,626,0
/csgo-images/csgo000484.jpg 656,569,702,704,0 893,514,926,612,0 993,525,1030,574,0 1203,341,1296,496,1
/csgo-images/csgo000485.jpg 828,312,872,405,1 604,485,766,807,0 233,495,358,707,0 410,504,472,649,0 475,501,538,656,0
/csgo-images/csgo000486.jpg 587,490,610,532,1 662,470,708,557,1 1173,472,1203,549,0 1230,474,1253,538,0
/csgo-images/csgo000487.jpg 482,483,523,564,1
/csgo-images/csgo000488.jpg 1085,449,1126,572,0
/csgo-images/csgo000489.jpg 612,484,647,526,1 706,473,817,660,1 1037,456,1143,692,1
/csgo-images/csgo000490.jpg 1023,501,1069,576,1 680,490,697,524,0
/csgo-images/csgo000491.jpg 790,483,830,562,1
/csgo-images/csgo000492.jpg 770,482,811,562,1
/csgo-images/csgo000493.jpg 366,513,581,1078,1 1032,541,1071,592,1
/csgo-images/csgo000494.jpg 1011,449,1115,667,1 1300,440,1364,572,1
/csgo-images/csgo000495.jpg 1221,501,1336,731,0
/csgo-images/csgo000496.jpg 426,663,672,902,0 1162,398,1248,584,0 1189,220,1237,340,0
/csgo-images/csgo000497.jpg 66,422,217,748,0 369,450,413,531,0 438,443,505,608,0
/csgo-images/csgo000498.jpg 925,333,979,442,0 1264,335,1316,440,0
/csgo-images/csgo000499.jpg 922,555,959,660,0
/csgo-images/csgo000500.jpg 758,508,823,642,0 1127,502,1234,694,0
/csgo-images/csgo000501.jpg 483,478,622,894,0 832,509,853,557,1
/csgo-images/csgo000502.jpg 849,473,889,545,1 1244,463,1282,553,1
/csgo-images/csgo000503.jpg 1204,445,1233,489,1 859,246,911,347,1 215,244,368,466,1
/csgo-images/csgo000504.jpg 1276,336,1365,521,1 257,546,288,600,1
/csgo-images/csgo000505.jpg 1241,423,1331,639,0 237,439,273,487,0
/csgo-images/csgo000506.jpg 600,534,667,660,0
/csgo-images/csgo000507.jpg 799,354,893,599,1 1398,403,1435,484,1
/csgo-images/csgo000508.jpg 877,711,931,790,1 663,403,696,457,1
/csgo-images/csgo000509.jpg 966,641,1022,721,0 887,656,944,738,0 842,598,896,679,0
/csgo-images/csgo000510.jpg 703,395,744,461,1 1050,403,1077,464,1 1319,399,1376,501,1
/csgo-images/csgo000511.jpg 1118,403,1151,483,1
/csgo-images/csgo000512.jpg 1214,310,1250,395,1 259,462,416,634,1
/csgo-images/csgo000513.jpg 1029,434,1209,936,1
/csgo-images/csgo000514.jpg 941,764,1120,984,1
/csgo-images/csgo000515.jpg 940,766,1121,978,1
/csgo-images/csgo000516.jpg 657,467,767,729,1 1243,516,1287,637,1
/csgo-images/csgo000517.jpg 889,481,941,583,0 1062,478,1114,590,0
/csgo-images/csgo000518.jpg 1047,496,1068,542,1 1205,496,1248,577,1 1297,497,1332,558,1
/csgo-images/csgo000519.jpg 778,454,838,578,1 1189,455,1314,702,1
/csgo-images/csgo000520.jpg 772,454,836,578,1 1192,455,1315,702,1
/csgo-images/csgo000521.jpg 966,162,1041,312,1
/csgo-images/csgo000522.jpg 1547,353,1735,638,0 1022,364,1139,607,0 939,376,1010,515,0
/csgo-images/csgo000523.jpg 622,350,798,698,0 454,367,571,561,0
/csgo-images/csgo000524.jpg 535,467,574,558,0 1014,215,1047,291,1 970,311,999,345,1
/csgo-images/csgo000525.jpg 978,422,1018,489,1 1056,296,1090,388,1
/csgo-images/csgo000526.jpg 697,517,768,664,0 940,516,1009,660,0
/csgo-images/csgo000527.jpg 651,675,818,882,1 309,609,543,815,1 47,718,390,940,1
/csgo-images/csgo000528.jpg 1410,417,1558,729,0 442,484,586,697,0 33,421,166,632,1
/csgo-images/csgo000529.jpg 855,473,1007,777,0 216,484,317,666,0
/csgo-images/csgo000530.jpg 279,320,477,700,0 623,333,735,575,0
/csgo-images/csgo000531.jpg 853,507,920,710,0 1016,513,1049,622,0
/csgo-images/csgo000532.jpg 364,153,427,305,1 505,148,581,317,1 760,216,848,480,1
/csgo-images/csgo000533.jpg 292,216,333,312,1 72,216,138,316,1
/csgo-images/csgo000534.jpg 359,276,383,333,1
/csgo-images/csgo000535.jpg 771,379,800,435,1
/csgo-images/csgo000536.jpg 518,433,608,695,0 827,459,849,528,0
/csgo-images/csgo000537.jpg 823,385,844,437,1
/csgo-images/csgo000538.jpg 91,380,148,490,0 152,380,219,497,0
/csgo-images/csgo000539.jpg 635,313,680,414,1 587,561,676,619,1
/csgo-images/csgo000540.jpg 822,436,876,537,1 419,441,485,535,1
/csgo-images/csgo000541.jpg 751,339,781,400,1
/csgo-images/csgo000542.jpg 572,495,633,624,0
/csgo-images/csgo000543.jpg 538,419,674,520,0
/csgo-images/csgo000544.jpg 825,353,892,508,0 908,343,960,488,1 160,242,219,347,0
/csgo-images/csgo000545.jpg 542,231,553,257,0 444,198,451,210,0
/csgo-images/csgo000546.jpg 357,223,423,319,1
/csgo-images/csgo000547.jpg 815,439,829,457,0 836,386,865,476,0
/csgo-images/csgo000548.jpg 605,337,639,422,0
/csgo-images/csgo000549.jpg 157,578,277,812,0 97,302,113,322,0
/csgo-images/csgo000550.jpg 940,414,999,571,0 596,498,609,527,0
/csgo-images/csgo000551.jpg 940,402,995,557,0
/csgo-images/csgo000552.jpg 856,379,967,610,0
/csgo-images/csgo000553.jpg 837,425,852,462,1 856,411,871,440,1
/csgo-images/csgo000554.jpg 801,403,840,476,1
/csgo-images/csgo000555.jpg 821,388,845,446,1
/csgo-images/csgo000556.jpg 377,258,389,298,0 220,201,233,219,0
/csgo-images/csgo000557.jpg 719,463,740,490,1 954,408,997,507,1
/csgo-images/csgo000558.jpg 1037,291,1052,331,0 965,354,995,446,0
/csgo-images/csgo000559.jpg 817,294,833,337,1 715,339,737,394,1 688,341,713,412,1
/csgo-images/csgo000560.jpg 875,389,900,463,0
/csgo-images/csgo000561.jpg 540,429,659,656,0 992,430,1046,572,0
/csgo-images/csgo000562.jpg 521,476,579,600,1
/csgo-images/csgo000563.jpg 290,462,397,640,1 806,423,835,489,1
/csgo-images/csgo000564.jpg 575,367,615,483,0
/csgo-images/csgo000565.jpg 575,368,615,485,0
/csgo-images/csgo000566.jpg 243,477,377,703,0 833,460,878,612,0
/csgo-images/csgo000567.jpg 207,134,215,158,0 222,136,232,158,0
/csgo-images/csgo000568.jpg 293,377,340,414,0 965,432,979,460,1
/csgo-images/csgo000569.jpg 633,328,691,429,1 1063,354,1096,417,1
/csgo-images/csgo000570.jpg 744,390,782,472,0 885,388,909,452,0
/csgo-images/csgo000571.jpg 745,355,787,475,0
/csgo-images/csgo000572.jpg 836,446,850,483,0
/csgo-images/csgo000573.jpg 752,404,811,485,1
/csgo-images/csgo000574.jpg 816,442,831,468,1 855,442,872,469,1
/csgo-images/csgo000575.jpg 601,427,643,516,1
/csgo-images/csgo000576.jpg 872,383,887,412,1 862,411,881,455,1
/csgo-images/csgo000577.jpg 821,429,855,468,1 1018,427,1052,463,1
/csgo-images/csgo000578.jpg 262,13,337,188,1
/csgo-images/csgo000579.jpg 780,434,819,505,0 1238,434,1283,530,1
/csgo-images/csgo000580.jpg 462,204,496,276,1
/csgo-images/csgo000581.jpg 388,139,405,191,0 423,133,434,169,0
/csgo-images/csgo000582.jpg 555,187,566,215,1
/csgo-images/csgo000583.jpg 472,229,493,300,0
/csgo-images/csgo000584.jpg 453,220,463,252,0
/csgo-images/csgo000585.jpg 453,199,503,366,0 291,175,347,280,0 115,175,155,260,0 66,205,93,270,0
/csgo-images/csgo000586.jpg 451,231,465,286,0
/csgo-images/csgo000587.jpg 427,230,444,270,0
/csgo-images/csgo000588.jpg 431,249,447,272,0
/csgo-images/csgo000589.jpg 446,243,456,263,0
/csgo-images/csgo000590.jpg 447,264,452,279,0
/csgo-images/csgo000591.jpg 356,262,381,322,1 416,258,428,286,1
/csgo-images/csgo000592.jpg 439,242,454,277,0
/csgo-images/csgo000593.jpg 454,243,475,288,0
/csgo-images/csgo000594.jpg 448,190,488,264,1
/csgo-images/csgo000595.jpg 169,224,204,276,1
/csgo-images/csgo000596.jpg 558,212,605,318,0 309,149,356,237,0 92,144,156,239,0 14,151,66,231,0
/csgo-images/csgo000597.jpg 155,355,202,421,1
/csgo-images/csgo000598.jpg 696,207,743,293,0
/csgo-images/csgo000599.jpg 454,253,465,282,0
/csgo-images/csgo000600.jpg 298,214,327,295,0 417,234,429,266,0
/csgo-images/csgo000601.jpg 424,218,437,242,0
/csgo-images/csgo000602.jpg 442,233,472,318,0
/csgo-images/csgo000603.jpg 583,263,615,313,1 495,267,520,321,1
/csgo-images/csgo000604.jpg 441,229,463,276,1
/csgo-images/csgo000605.jpg 29,288,83,382,1
/csgo-images/csgo000606.jpg 466,202,495,300,0
/csgo-images/csgo000607.jpg 158,188,255,475,0 497,158,523,257,0 548,199,569,246,0 570,207,590,241,0
/csgo-images/csgo000608.jpg 544,429,575,486,0
/csgo-images/csgo000609.jpg 414,175,519,354,0
/csgo-images/csgo000610.jpg 350,339,491,654,0
/csgo-images/csgo000611.jpg 352,338,492,655,0
/csgo-images/csgo000612.jpg 1184,381,1224,478,0
/csgo-images/csgo000613.jpg 59,356,158,522,0 1420,338,1498,469,1
/csgo-images/csgo000614.jpg 514,385,544,449,0 1131,433,1252,648,1
/csgo-images/csgo000615.jpg 297,361,419,648,0 1227,373,1278,453,1
/csgo-images/csgo000616.jpg 388,289,600,694,1 1044,287,1186,625,1
/csgo-images/csgo000617.jpg 90,405,194,519,1 499,378,566,532,1 618,365,716,589,1
/csgo-images/csgo000618.jpg 398,221,416,278,0
/csgo-images/csgo000619.jpg 546,329,589,427,1 877,330,1003,612,0
/csgo-images/csgo000620.jpg 811,416,840,470,1 505,356,707,899,0
/csgo-images/csgo000621.jpg 723,428,825,670,1 927,408,947,463,0
/csgo-images/csgo000622.jpg 851,412,889,520,1
/csgo-images/csgo000623.jpg 786,380,823,472,1 861,295,872,333,1
/csgo-images/csgo000624.jpg 645,365,669,427,0 836,359,852,410,0
/csgo-images/csgo000625.jpg 173,457,245,589,1 406,450,476,597,1 780,445,864,610,1
/csgo-images/csgo000626.jpg 777,411,793,448,1 790,516,825,630,0 816,643,885,865,0
/csgo-images/csgo000627.jpg 572,581,668,743,0 47,264,106,326,1 333,452,421,577,0
/csgo-images/csgo000628.jpg 831,442,852,484,1
/csgo-images/csgo000629.jpg 279,240,309,310,1
/csgo-images/csgo000630.jpg 749,415,792,505,1
/csgo-images/csgo000631.jpg 832,439,866,495,1 419,300,444,347,1
/csgo-images/csgo000632.jpg 732,388,756,448,1 1388,265,1437,331,1
/csgo-images/csgo000633.jpg 808,415,852,504,1
/csgo-images/csgo000634.jpg 789,390,848,468,1
/csgo-images/csgo000635.jpg 806,446,848,516,1
/csgo-images/csgo000636.jpg 753,414,772,476,0
/csgo-images/csgo000637.jpg 799,409,858,598,0
/csgo-images/csgo000638.jpg 392,426,413,457,1
/csgo-images/csgo000639.jpg 775,411,831,546,0
/csgo-images/csgo000640.jpg 349,112,361,144,0 327,112,339,145,0
/csgo-images/csgo000641.jpg 604,393,727,790,0 783,439,800,483,1
/csgo-images/csgo000642.jpg 172,393,217,466,1 1280,402,1327,499,0
/csgo-images/csgo000643.jpg 651,451,676,506,1 714,435,728,470,1 776,463,811,535,1
/csgo-images/csgo000644.jpg 979,182,1033,291,1 768,188,792,263,0
/csgo-images/csgo000645.jpg 236,469,316,643,1 818,361,836,403,0 1050,355,1090,434,1
/csgo-images/csgo000646.jpg 218,137,380,639,0 795,284,852,520,1 1057,332,1131,533,1 1253,235,1383,601,0
/csgo-images/csgo000647.jpg 87,108,226,462,0 488,327,541,471,1 733,378,796,482,1 987,238,1102,470,0
/csgo-images/csgo000648.jpg 676,590,875,900,0 1365,522,1511,898,0 637,444,735,657,1 456,426,519,685,1
/csgo-images/csgo000649.jpg 547,395,604,503,0 976,378,1010,467,0
/csgo-images/csgo000650.jpg 770,338,807,421,1 1002,343,1039,419,1
/csgo-images/csgo000651.jpg 433,169,455,225,0 477,169,498,224,0
/csgo-images/csgo000652.jpg 688,415,710,460,1 824,413,846,464,1
/csgo-images/csgo000653.jpg 1024,423,1093,549,1 1433,429,1500,576,1
/csgo-images/csgo000654.jpg 755,297,857,542,0
/csgo-images/csgo000655.jpg 816,314,844,380,1
/csgo-images/csgo000656.jpg 668,419,688,454,1 722,416,736,445,1
/csgo-images/csgo000657.jpg 779,255,875,463,1
/csgo-images/csgo000658.jpg 786,363,839,482,1 758,369,787,441,1
/csgo-images/csgo000659.jpg 873,271,947,328,1
/csgo-images/csgo000660.jpg 868,364,879,398,0
/csgo-images/csgo000661.jpg 848,462,873,520,1
/csgo-images/csgo000662.jpg 563,221,590,285,0 523,221,543,279,0
/csgo-images/csgo000663.jpg 900,327,946,406,0
/csgo-images/csgo000664.jpg 805,421,823,464,1
/csgo-images/csgo000665.jpg 796,385,835,490,1 985,395,1040,521,1 1116,402,1178,537,1
/csgo-images/csgo000666.jpg 797,393,821,445,1 834,391,858,447,1
/csgo-images/csgo000667.jpg 871,391,959,602,0 981,378,1088,630,1
/csgo-images/csgo000668.jpg 583,320,629,444,0 1197,345,1336,610,0
/csgo-images/csgo000669.jpg 851,430,896,521,0
/csgo-images/csgo000670.jpg 868,381,916,487,1
/csgo-images/csgo000671.jpg 137,370,172,442,1 966,383,979,405,1
/csgo-images/csgo000672.jpg 118,193,220,357,1
/csgo-images/csgo000673.jpg 546,359,678,601,0 310,348,415,523,0
/csgo-images/csgo000674.jpg 934,527,989,645,1
/csgo-images/csgo000675.jpg 826,399,859,456,0 891,278,982,455,0 1033,401,1066,456,1
/csgo-images/csgo000676.jpg 795,463,840,567,1 1406,473,1435,540,1
/csgo-images/csgo000677.jpg 314,426,399,602,1 947,454,972,510,1 1023,461,1042,501,0 1107,450,1138,510,0
/csgo-images/csgo000678.jpg 877,434,923,558,0 1339,390,1410,544,1 1725,214,1800,338,1
/csgo-images/csgo000679.jpg 504,483,589,728,1 1012,535,1041,596,1 1054,543,1073,585,0 1191,530,1224,592,0
/csgo-images/csgo000680.jpg 382,630,451,764,0 609,621,699,823,1 1356,347,1442,527,1
/csgo-images/csgo000681.jpg 685,646,789,862,0 285,455,321,516,1 425,435,450,477,0
/csgo-images/csgo000682.jpg 365,477,406,548,0 1076,456,1147,597,0
/csgo-images/csgo000683.jpg 261,386,330,508,0 795,446,836,521,0 1306,470,1350,557,0 977,449,1015,516,1 847,444,864,481,1
/csgo-images/csgo000684.jpg 503,278,549,350,1 1128,365,1152,412,1 1075,423,1102,505,0
/csgo-images/csgo000685.jpg 823,507,858,570,1 904,516,938,580,0 1056,367,1151,665,1 1507,295,1664,518,1
/csgo-images/csgo000686.jpg 1096,327,1134,397,1
/csgo-images/csgo000687.jpg 1515,624,1663,818,1
/csgo-images/csgo000688.jpg 408,709,581,942,0 858,588,923,777,0 1022,459,1085,527,0
/csgo-images/csgo000689.jpg 1068,433,1097,547,0
/csgo-images/csgo000690.jpg 866,457,899,581,0
/csgo-images/csgo000691.jpg 14,531,93,730,0
/csgo-images/csgo000692.jpg 1128,421,1206,574,1 1210,415,1320,633,1
/csgo-images/csgo000693.jpg 628,469,738,682,0 1161,468,1188,522,0
/csgo-images/csgo000694.jpg 728,434,795,574,0
/csgo-images/csgo000695.jpg 818,792,840,851,0 683,881,798,1080,0
/csgo-images/csgo000696.jpg 332,559,424,669,1 578,540,649,625,0 1354,248,1444,418,1 1386,459,1559,715,1
/csgo-images/csgo000697.jpg 900,509,1038,885,0 1627,334,1667,416,0
/csgo-images/csgo000698.jpg 831,507,881,622,0
/csgo-images/csgo000699.jpg 466,424,631,603,1
/csgo-images/csgo000700.jpg 1245,584,1285,685,0 1285,514,1298,555,0
/csgo-images/csgo000701.jpg 1026,352,1062,427,1 1082,391,1117,474,1
/csgo-images/csgo000702.jpg 637,430,752,638,1 776,437,870,621,1 281,360,317,421,0 350,382,375,425,0 383,387,408,424,0
/csgo-images/csgo000703.jpg 716,449,785,625,0 769,452,877,666,0 1365,439,1545,646,0 84,466,161,589,0
/csgo-images/csgo000704.jpg 595,425,706,762,0 807,448,893,691,0 988,473,1038,608,0 918,552,936,572,1
/csgo-images/csgo000705.jpg 550,536,717,954,0 1571,306,1665,469,0
/csgo-images/csgo000706.jpg 593,487,650,676,0 986,481,1067,719,0 672,481,728,633,0
/csgo-images/csgo000707.jpg 246,623,394,810,0 853,501,886,587,1 1041,491,1081,592,1
/csgo-images/csgo000708.jpg 489,408,620,671,0 1031,413,1111,623,0 1190,408,1290,669,0
/csgo-images/csgo000709.jpg 590,535,726,793,0 1012,446,1091,613,0 1155,461,1255,646,0
/csgo-images/csgo000710.jpg 665,531,740,716,0 776,530,843,680,0 970,510,1076,820,0
/csgo-images/csgo000711.jpg 550,394,694,659,1 709,418,780,611,1 1057,422,1153,599,1 1198,422,1324,657,1
/csgo-images/csgo000712.jpg 479,343,600,599,1 697,357,799,532,1 838,335,997,785,1 1111,323,1276,659,1
/csgo-images/csgo000713.jpg 560,473,645,645,1 777,405,842,549,1 1002,358,1102,546,1
/csgo-images/csgo000714.jpg 785,466,881,626,0 1056,402,1135,619,0
/csgo-images/csgo000715.jpg 794,457,810,480,0 845,470,866,503,0
/csgo-images/csgo000716.jpg 672,282,725,382,1
/csgo-images/csgo000717.jpg 750,469,792,541,1
/csgo-images/csgo000718.jpg 816,447,877,537,1 1081,477,1126,561,1
/csgo-images/csgo000719.jpg 748,405,779,487,1
/csgo-images/csgo000720.jpg 731,380,796,509,1 879,374,936,485,1
/csgo-images/csgo000721.jpg 907,399,936,477,0 730,396,767,475,0
/csgo-images/csgo000722.jpg 666,318,731,461,0 773,327,808,411,0 915,336,935,369,0
/csgo-images/csgo000723.jpg 170,416,359,663,0 1813,388,1872,457,0 1659,480,1704,517,0 1715,389,1798,517,0
/csgo-images/csgo000724.jpg 1101,481,1152,605,0
/csgo-images/csgo000725.jpg 1727,524,1877,730,0
/csgo-images/csgo000726.jpg 336,170,392,274,0
/csgo-images/csgo000727.jpg 1465,111,1663,366,0
/csgo-images/csgo000728.jpg 751,83,826,300,0
/csgo-images/csgo000729.jpg 307,346,579,854,0
/csgo-images/csgo000730.jpg 930,75,1016,339,0 797,69,838,178,0
/csgo-images/csgo000731.jpg 993,660,1007,702,0 1032,658,1056,717,0 108,723,183,827,1
/csgo-images/csgo000732.jpg 1453,421,1472,468,0 1493,417,1524,483,0 822,459,855,513,1 334,487,391,577,1 1,494,74,635,1
/csgo-images/csgo000733.jpg 391,366,464,456,1 887,190,913,244,0
/csgo-images/csgo000734.jpg 576,490,921,1079,1 1281,412,1306,462,0
/csgo-images/csgo000735.jpg 828,426,868,504,1 1395,387,1422,444,0
/csgo-images/csgo000736.jpg 311,530,441,691,1 855,426,884,481,1 1404,380,1429,407,0
/csgo-images/csgo000737.jpg 984,476,1005,517,0
/csgo-images/csgo000738.jpg 1459,444,1647,773,1 266,342,316,376,0
/csgo-images/csgo000739.jpg 1730,252,1809,349,0
/csgo-images/csgo000740.jpg 337,319,556,717,0 1013,166,1159,561,0 1343,85,1636,657,0
/csgo-images/csgo000741.jpg 236,176,597,787,0
/csgo-images/csgo000742.jpg 764,532,806,642,0
/csgo-images/csgo000743.jpg 62,584,156,752,0
/csgo-images/csgo000744.jpg 1801,444,1888,583,0 1524,436,1647,772,0
/csgo-images/csgo000745.jpg 423,432,582,721,0
/csgo-images/csgo000746.jpg 281,740,360,860,1 1093,562,1122,621,0
/csgo-images/csgo000747.jpg 1469,56,1667,395,0
/csgo-images/csgo000748.jpg 402,374,465,507,0 722,339,928,768,0
/csgo-images/csgo000749.jpg 1084,450,1184,672,0
/csgo-images/csgo000750.jpg 812,383,921,637,0
/csgo-images/csgo000751.jpg 627,279,720,523,0 801,282,876,438,0 933,278,979,421,0 1046,376,1065,414,0
/csgo-images/csgo000752.jpg 953,401,972,469,1
/csgo-images/csgo000753.jpg 612,252,741,444,1
/csgo-images/csgo000754.jpg 860,431,944,623,1
/csgo-images/csgo000755.jpg 1384,283,1408,339,0 1345,342,1371,417,0 1416,320,1444,393,0 913,431,984,645,0 882,385,916,477,0
/csgo-images/csgo000756.jpg 482,405,538,527,0 883,449,966,684,0 908,357,928,421,0 939,342,961,400,0 888,309,906,356,0
/csgo-images/csgo000757.jpg 639,314,768,556,0 1012,255,1090,481,0 1229,213,1282,342,0
/csgo-images/csgo000758.jpg 1170,507,1220,606,0 385,521,417,560,0
/csgo-images/csgo000759.jpg 894,481,939,569,1 942,480,993,570,1 1140,472,1189,568,1 1188,479,1233,568,1
/csgo-images/csgo000760.jpg 308,496,440,650,1 1338,483,1368,545,0 1284,514,1314,541,0
/csgo-images/csgo000761.jpg 545,421,645,649,1 673,433,750,607,1 851,437,922,588,1 1028,435,1095,603,1 1109,424,1232,644,1
/csgo-images/csgo000762.jpg 367,454,461,621,0 1003,375,1035,465,0 1062,332,1091,418,0 1004,325,1027,383,0
/csgo-images/csgo000763.jpg 592,569,738,740,0 722,457,781,615,0 1004,382,1030,414,0 1028,347,1051,413,0
/csgo-images/csgo000764.jpg 1097,445,1180,614,1
/csgo-images/csgo000765.jpg 895,467,1008,770,1 1131,374,1163,418,1
/csgo-images/csgo000766.jpg 942,431,987,584,0 1062,460,1091,508,1
/csgo-images/csgo000767.jpg 910,486,932,537,1 939,480,968,559,0
/csgo-images/csgo000768.jpg 580,552,721,900,1 943,467,976,552,1
/csgo-images/csgo000769.jpg 1206,11,1304,152,1 786,115,880,262,1 548,187,569,220,1
/csgo-images/csgo000770.jpg 545,484,956,1075,1
/csgo-images/csgo000771.jpg 381,388,448,516,0 491,433,602,567,1 595,393,648,518,0 792,443,881,575,1
/csgo-images/csgo000772.jpg 377,330,563,803,1 562,340,720,603,1 743,313,1050,900,1 1266,328,1448,717,1
/csgo-images/csgo000773.jpg 60,520,169,650,1
/csgo-images/csgo000774.jpg 29,528,327,834,0 1179,464,1239,611,0 1386,214,1413,277,1
/csgo-images/csgo000775.jpg 340,421,423,539,0 1348,383,1385,463,1
/csgo-images/csgo000776.jpg 975,461,1040,549,1
/csgo-images/csgo000777.jpg 952,494,983,570,1
/csgo-images/csgo000778.jpg 932,500,953,562,0
/csgo-images/csgo000779.jpg 970,460,987,504,0
/csgo-images/csgo000780.jpg 1398,410,1546,645,1 394,409,419,467,0
/csgo-images/csgo000781.jpg 900,403,946,475,1 1124,371,1152,427,0 1206,371,1227,425,0 1262,392,1295,439,1
/csgo-images/csgo000782.jpg 911,373,939,447,0 817,457,871,551,0 802,528,860,655,0 977,416,1019,470,1 969,466,1027,538,1 460,917,710,1080,1
/csgo-images/csgo000783.jpg 504,455,704,862,1
/csgo-images/csgo000784.jpg 555,412,669,650,1 790,416,907,617,1 1031,414,1123,644,1 1152,395,1309,658,1
/csgo-images/csgo000785.jpg 1485,220,1544,328,1 849,30,955,321,0 987,359,1070,494,0 403,318,430,363,1 42,471,161,589,0 486,278,496,307,0
/csgo-images/csgo000786.jpg 821,448,867,559,1 981,421,992,474,0
/csgo-images/csgo000787.jpg 313,332,354,416,0 808,550,846,657,0 891,550,959,693,0
/csgo-images/csgo000788.jpg 760,697,840,868,1 653,565,671,606,1 1245,167,1316,322,1
/csgo-images/csgo000789.jpg 140,352,309,656,1 742,428,767,500,0 1036,578,1056,631,0 1143,579,1160,631,0
/csgo-images/csgo000790.jpg 582,382,623,481,1 944,563,1075,766,0 1428,89,1585,507,0
/csgo-images/csgo000791.jpg 643,130,720,316,1 974,150,999,223,0 1251,307,1278,362,0 1371,312,1396,370,0
/csgo-images/csgo000792.jpg 434,236,517,379,0 1040,313,1067,393,0 954,308,996,408,1 1597,309,1754,539,1
/csgo-images/csgo000793.jpg 797,520,822,566,1 860,569,902,680,0
/csgo-images/csgo000794.jpg 562,183,689,410,1 1588,355,1644,430,0 1808,376,1870,463,0 1189,147,1225,237,0
/csgo-images/csgo000795.jpg 793,431,830,534,1 845,432,886,520,1
/csgo-images/csgo000796.jpg 701,409,734,495,0 1146,457,1280,680,1
/csgo-images/csgo000797.jpg 784,414,912,736,1 1228,417,1251,466,1 1274,383,1286,400,0 1338,382,1349,401,0
/csgo-images/csgo000798.jpg 348,459,504,679,1 914,432,936,489,0
/csgo-images/csgo000799.jpg 854,557,946,835,0 916,472,953,551,1
/csgo-images/csgo000800.jpg 504,499,554,541,1
/csgo-images/csgo000801.jpg 1235,557,1306,706,0 1062,503,1099,617,0 244,525,361,660,1
/csgo-images/csgo000802.jpg 666,473,839,1027,0
/csgo-images/csgo000803.jpg 911,499,1008,686,0 1037,494,1089,660,0 0,495,84,621,1 198,497,235,561,0
/csgo-images/csgo000804.jpg 947,483,1095,915,1 1345,523,1392,619,0
/csgo-images/csgo000805.jpg 1129,541,1224,787,1 1256,550,1289,626,0
/csgo-images/csgo000806.jpg 710,376,837,711,1 910,361,979,539,1 1072,381,1166,646,1 996,364,1073,553,1
/csgo-images/csgo000807.jpg 912,529,937,591,1
/csgo-images/csgo000808.jpg 795,437,828,505,0
/csgo-images/csgo000809.jpg 799,370,855,478,0
/csgo-images/csgo000810.jpg 900,503,1000,721,0 1362,520,1414,628,0
/csgo-images/csgo000811.jpg 264,83,557,415,0 548,54,696,342,0 991,75,1101,330,0
/csgo-images/csgo000812.jpg 42,721,295,1079,0 355,700,528,1008,0 866,713,968,960,0
/csgo-images/csgo000813.jpg 197,255,316,435,1 317,260,438,443,1
/csgo-images/csgo000814.jpg 112,633,367,765,1
/csgo-images/csgo000815.jpg 798,475,825,628,1
/csgo-images/csgo000816.jpg 1021,608,1125,785,1
/csgo-images/csgo000817.jpg 612,371,696,600,1 800,367,935,678,1 1015,342,1138,584,1
/csgo-images/csgo000818.jpg 7,433,253,979,1
/csgo-images/csgo000819.jpg 1,503,209,896,1
/csgo-images/csgo000820.jpg 63,502,140,638,0 490,510,630,757,0
/csgo-images/csgo000821.jpg 120,368,290,618,0 604,386,750,659,0 796,422,854,568,0 1202,511,1285,589,0
/csgo-images/csgo000822.jpg 346,405,479,649,0 648,374,698,502,0 911,376,974,552,0
/csgo-images/csgo000823.jpg 818,475,1001,887,1 954,402,981,468,1 818,381,836,420,1
/csgo-images/csgo000824.jpg 271,453,312,508,0 367,437,396,486,0
/csgo-images/csgo000825.jpg 86,805,232,997,0 276,737,414,962,0 335,728,521,1003,0
/csgo-images/csgo000826.jpg 700,355,789,592,1 815,363,870,528,1 897,322,1018,571,1 1029,323,1152,566,1
/csgo-images/csgo000827.jpg 908,524,942,615,1
/csgo-images/csgo000828.jpg 963,539,994,624,1
/csgo-images/csgo000829.jpg 985,481,1041,622,0
/csgo-images/csgo000830.jpg 1576,467,1737,835,0
/csgo-images/csgo000831.jpg 269,312,486,681,0
/csgo-images/csgo000832.jpg 518,394,718,769,1 1099,351,1116,402,0
/csgo-images/csgo000833.jpg 793,379,903,469,0
/csgo-images/csgo000834.jpg 457,410,525,535,0 1417,403,1531,605,0
/csgo-images/csgo000835.jpg 768,431,863,721,0
/csgo-images/csgo000836.jpg 773,471,792,504,1 795,476,813,514,1
/csgo-images/csgo000837.jpg 915,462,938,507,1 960,474,989,523,1
/csgo-images/csgo000838.jpg 444,630,669,821,1 1012,471,1049,560,1 960,422,990,491,1
/csgo-images/csgo000839.jpg 963,519,990,605,1 912,514,941,582,1 982,460,999,502,1
/csgo-images/csgo000840.jpg 48,337,488,988,1 1147,488,1175,550,1
/csgo-images/csgo000841.jpg 67,583,309,894,1 1083,457,1116,523,1 1,507,40,622,0
/csgo-images/csgo000842.jpg 819,590,908,802,1 922,462,951,541,0
/csgo-images/csgo000843.jpg 588,409,713,750,0 965,450,1000,536,0 1108,446,1187,644,0
/csgo-images/csgo000844.jpg 550,437,636,603,0 866,437,937,577,0
/csgo-images/csgo000845.jpg 516,533,612,788,0 796,509,938,1026,0
/csgo-images/csgo000846.jpg 975,504,1086,808,0 770,510,826,690,0
/csgo-images/csgo000847.jpg 682,452,784,646,0 1115,449,1219,658,0
/csgo-images/csgo000848.jpg 812,427,923,671,0 1042,430,1092,588,0
/csgo-images/csgo000849.jpg 1114,499,1135,563,0
/csgo-images/csgo000850.jpg 525,624,565,734,0
/csgo-images/csgo000851.jpg 46,437,153,585,1 1367,453,1520,699,1
/csgo-images/csgo000852.jpg 259,534,305,599,1 649,577,709,673,1 1200,483,1318,660,1
/csgo-images/csgo000853.jpg 522,346,779,996,1 831,501,850,552,1 900,561,938,663,1
/csgo-images/csgo000854.jpg 1312,383,1456,646,0 442,399,521,523,0 576,391,633,500,0
/csgo-images/csgo000855.jpg 476,474,560,614,0
/csgo-images/csgo000856.jpg 431,632,632,989,1 917,524,944,594,0
/csgo-images/csgo000857.jpg 1200,510,1242,577,0
/csgo-images/csgo000858.jpg 168,460,241,539,0 965,507,973,529,1
/csgo-images/csgo000859.jpg 857,490,878,548,0
/csgo-images/csgo000860.jpg 1020,513,1076,590,0
/csgo-images/csgo000861.jpg 770,514,849,701,1
/csgo-images/csgo000862.jpg 826,476,855,547,1 862,496,919,624,1
/csgo-images/csgo000863.jpg 680,504,751,659,0 1009,503,1094,682,0 1128,502,1187,644,0
/csgo-images/csgo000864.jpg 1202,480,1293,688,0 511,483,647,734,0 673,479,789,730,0 826,474,847,529,0
/csgo-images/csgo000865.jpg 899,477,920,520,0 923,476,950,534,0
/csgo-images/csgo000866.jpg 584,387,709,772,0 864,403,893,464,0 896,404,923,463,0
/csgo-images/csgo000867.jpg 502,87,684,435,0
/csgo-images/csgo000868.jpg 405,189,570,571,0 1187,187,1366,579,0 1413,193,1662,601,0
/csgo-images/csgo000869.jpg 277,432,317,507,0 410,444,564,781,0 621,440,730,726,0 1002,437,1063,605,0
/csgo-images/csgo000870.jpg 1330,460,1368,529,1
/csgo-images/csgo000871.jpg 776,519,805,560,1
/csgo-images/csgo000872.jpg 643,527,677,593,0 687,529,721,591,0 770,499,964,986,0
/csgo-images/csgo000873.jpg 245,193,422,577,1 840,470,890,549,1
/csgo-images/csgo000874.jpg 869,370,896,441,1
/csgo-images/csgo000875.jpg 607,612,732,798,0 1315,390,1392,518,1
/csgo-images/csgo000876.jpg 877,552,892,585,1 966,541,983,579,1
/csgo-images/csgo000877.jpg 660,323,687,382,0 701,328,730,395,0 817,322,844,396,0
/csgo-images/csgo000878.jpg 745,490,870,861,0 1169,374,1188,416,0
/csgo-images/csgo000879.jpg 840,502,872,613,0
/csgo-images/csgo000880.jpg 512,466,600,583,1
/csgo-images/csgo000881.jpg 980,484,1035,582,1
/csgo-images/csgo000882.jpg 337,97,495,358,1
/csgo-images/csgo000883.jpg 979,512,1036,615,1
/csgo-images/csgo000884.jpg 847,503,907,645,1
/csgo-images/csgo000885.jpg 747,453,880,825,0
/csgo-images/csgo000886.jpg 842,406,942,612,0 844,374,860,390,0 984,412,1093,598,1
/csgo-images/csgo000887.jpg 956,526,990,618,1
/csgo-images/csgo000888.jpg 943,550,972,601,0
/csgo-images/csgo000889.jpg 121,602,304,868,0 1650,336,1690,427,0
/csgo-images/csgo000890.jpg 442,381,594,715,1 651,383,834,757,0
/csgo-images/csgo000891.jpg 859,696,1007,942,0 700,217,819,423,0 589,197,704,389,1
/csgo-images/csgo000892.jpg 638,658,740,827,1 955,453,980,484,1
/csgo-images/csgo000893.jpg 498,526,596,661,0 1325,490,1377,559,0
/csgo-images/csgo000894.jpg 744,397,799,516,0 1599,491,1860,754,0
/csgo-images/csgo000895.jpg 0,375,441,1080,0 958,540,977,591,0
/csgo-images/csgo000896.jpg 537,370,718,745,1
/csgo-images/csgo000897.jpg 746,629,881,813,1
/csgo-images/csgo000898.jpg 451,481,539,663,1 1318,530,1350,554,1 1278,509,1305,553,1
/csgo-images/csgo000899.jpg 1012,456,1064,592,1 1067,492,1144,637,0
/csgo-images/csgo000900.jpg 252,409,311,500,1 1660,444,1718,544,1 1752,439,1892,653,1
/csgo-images/csgo000901.jpg 1167,285,1286,515,1 765,502,805,609,1 162,487,214,571,1 445,433,468,476,1 496,423,513,457,0 577,426,600,466,0
/csgo-images/csgo000902.jpg 67,416,320,732,1 1242,413,1272,478,1 1568,656,1656,788,0
/csgo-images/csgo000903.jpg 1010,665,1058,764,0 469,548,509,628,1 830,469,847,510,1 905,452,922,482,0
/csgo-images/csgo000904.jpg 639,433,696,583,0 887,412,902,432,0 1191,378,1220,444,0
/csgo-images/csgo000905.jpg 420,454,528,694,0 775,375,806,439,0 1049,405,1085,495,0 1281,414,1337,542,1
/csgo-images/csgo000906.jpg 507,437,552,508,0 858,477,896,557,0 565,677,678,907,0 1075,496,1117,592,1 1082,422,1098,456,1 1084,376,1096,407,1
/csgo-images/csgo000907.jpg 1388,416,1522,663,0 394,435,438,506,1 801,443,822,504,0
/csgo-images/csgo000908.jpg 675,426,840,947,0 904,461,931,523,0
/csgo-images/csgo000909.jpg 307,192,353,288,0 610,190,672,306,0 514,196,540,256,0 459,186,505,318,0 536,188,588,316,0
/csgo-images/csgo000910.jpg 362,196,395,258,0 419,196,442,260,0 461,196,494,259,0 561,192,596,288,0
/csgo-images/csgo000911.jpg 491,229,502,252,0 541,227,571,269,0 262,228,279,255,1
/csgo-images/csgo000912.jpg 207,226,242,270,0 157,228,173,255,0 484,226,503,262,1 785,223,824,258,1
/csgo-images/csgo000913.jpg 279,231,304,269,1 664,233,685,260,1 727,234,745,262,1
/csgo-images/csgo000914.jpg 293,195,309,215,1 537,198,549,214,0 637,181,683,216,0
/csgo-images/csgo000915.jpg 57,207,86,248,1 394,204,406,228,0 474,217,512,297,0
/csgo-images/csgo000916.jpg 310,204,338,265,1 667,204,709,275,1
/csgo-images/csgo000917.jpg 243,233,277,296,1 374,226,387,254,1 539,223,551,246,1
/csgo-images/csgo000918.jpg 83,238,169,357,1 243,215,279,264,1
/csgo-images/csgo000919.jpg 290,194,307,228,1
/csgo-images/csgo000920.jpg 699,204,711,229,0 638,224,651,253,0 623,232,642,267,0 416,191,428,214,1 391,181,399,201,1 401,181,408,202,1
/csgo-images/csgo000921.jpg 387,190,455,331,1 165,210,198,250,1
/csgo-images/csgo000922.jpg 383,198,420,258,1
/csgo-images/csgo000923.jpg 458,228,488,270,1
/csgo-images/csgo000924.jpg 351,217,371,271,0 411,220,429,260,0
/csgo-images/csgo000925.jpg 106,154,172,268,0 609,148,668,297,0
/csgo-images/csgo000926.jpg 0,179,94,358,0 377,185,415,289,0 676,178,749,335,0
/csgo-images/csgo000927.jpg 599,221,693,303,1 267,143,305,219,1 163,135,208,210,1 11,145,42,167,1
/csgo-images/csgo000928.jpg 185,207,247,305,1 377,192,413,283,1 411,177,436,249,1
/csgo-images/csgo000929.jpg 113,173,212,336,1 409,163,477,346,1 485,169,529,281,1
/csgo-images/csgo000930.jpg 404,177,437,282,1 449,175,530,334,1 1,165,225,476,1
/csgo-images/csgo000931.jpg 301,226,323,260,1 447,206,512,354,1
/csgo-images/csgo000932.jpg 256,177,360,354,1 382,195,408,236,1 506,171,597,363,1
/csgo-images/csgo000933.jpg 31,202,114,386,0 385,210,420,315,0 641,206,696,327,0 359,220,365,234,1
/csgo-images/csgo000934.jpg 366,210,386,248,0 398,201,410,222,0 595,236,614,264,0 745,266,782,312,0
/csgo-images/csgo000935.jpg 182,213,316,332,1 511,146,655,294,1
/csgo-images/csgo000936.jpg 192,212,302,439,1 597,229,619,266,1 653,228,682,271,1
/csgo-images/csgo000937.jpg 173,228,204,292,0 412,239,430,268,0 345,217,395,341,1
/csgo-images/csgo000938.jpg 102,215,153,287,1 216,207,280,320,1 490,222,509,255,0 611,229,640,276,0 670,228,682,254,0
/csgo-images/csgo000939.jpg 379,210,402,271,1 402,213,423,253,1 755,224,774,264,0
/csgo-images/csgo000940.jpg 571,218,595,279,1 406,222,431,286,1
/csgo-images/csgo000941.jpg 122,212,233,353,1 558,192,587,256,1
/csgo-images/csgo000942.jpg 199,208,255,300,0 470,215,488,255,0 601,228,662,300,1
/csgo-images/csgo000943.jpg 343,258,384,362,0 470,212,500,264,1
/csgo-images/csgo000944.jpg 690,271,740,334,0 652,248,685,290,0 482,395,529,463,0 296,202,317,250,1 369,168,381,193,1
/csgo-images/csgo000945.jpg 249,217,264,240,1 520,211,534,245,1
/csgo-images/csgo000946.jpg 467,172,495,221,0
/csgo-images/csgo000947.jpg 325,228,351,276,0 628,216,650,274,0
/csgo-images/csgo000948.jpg 462,233,473,257,1 536,233,548,257,1 499,231,538,264,0
/csgo-images/csgo000949.jpg 237,225,253,252,1 577,225,592,251,1
/csgo-images/csgo000950.jpg 1054,403,1112,567,0 973,364,987,390,0 705,380,740,479,0 538,251,562,295,0
/csgo-images/csgo000951.jpg 1302,383,1376,480,0 944,356,966,426,0 232,357,266,423,0 49,357,91,414,1
/csgo-images/csgo000952.jpg 577,416,715,768,0 363,390,605,900,0
/csgo-images/csgo000953.jpg 336,382,463,654,0 1144,451,1214,628,0
/csgo-images/csgo000954.jpg 707,279,742,378,0 776,326,791,353,0 796,300,816,354,0 814,331,830,354,0
/csgo-images/csgo000955.jpg 530,375,624,427,1 1072,418,1141,525,1
/csgo-images/csgo000956.jpg 232,188,381,353,1 1216,511,1359,593,1
/csgo-images/csgo000957.jpg 508,348,563,481,1 569,303,601,382,1 599,310,632,393,1
/csgo-images/csgo000958.jpg 1024,414,1074,576,0 871,412,924,583,0
/csgo-images/csgo000959.jpg 164,354,267,563,0 1446,341,1564,547,0
/csgo-images/csgo000960.jpg 89,325,272,693,1 352,346,432,497,1 492,351,560,473,1 646,351,704,462,1 728,343,823,527,1
/csgo-images/csgo000961.jpg 547,440,643,673,1 776,438,868,673,1
/csgo-images/csgo000962.jpg 721,330,766,441,0
/csgo-images/csgo000963.jpg 808,433,916,632,1 604,557,761,734,1
/csgo-images/csgo000964.jpg 585,418,617,492,1 974,373,1096,640,1
/csgo-images/csgo000965.jpg 808,420,833,472,1 758,424,800,531,1
/csgo-images/csgo000966.jpg 908,429,947,526,0
/csgo-images/csgo000967.jpg 612,437,638,494,0
/csgo-images/csgo000968.jpg 792,428,816,466,0
/csgo-images/csgo000969.jpg 976,429,1008,503,0
/csgo-images/csgo000970.jpg 51,403,178,640,1 188,401,323,660,1
/csgo-images/csgo000971.jpg 380,471,467,579,1 952,452,973,487,1
/csgo-images/csgo000972.jpg 403,501,444,565,1 760,442,775,470,1
/csgo-images/csgo000973.jpg 227,302,264,356,0 930,463,951,497,0
/csgo-images/csgo000974.jpg 847,464,868,519,0
/csgo-images/csgo000975.jpg 688,436,720,537,0 752,449,773,493,1
/csgo-images/csgo000976.jpg 756,410,792,498,1
/csgo-images/csgo000977.jpg 748,301,765,348,1
/csgo-images/csgo000978.jpg 1159,205,1218,294,1
/csgo-images/csgo000979.jpg 700,441,727,490,1 749,419,770,464,1
/csgo-images/csgo000980.jpg 796,421,816,444,1
/csgo-images/csgo000981.jpg 1344,415,1417,514,0
/csgo-images/csgo000982.jpg 666,391,709,470,1 826,379,853,441,1
/csgo-images/csgo000983.jpg 716,351,777,520,1 1188,276,1230,349,1
/csgo-images/csgo000984.jpg 604,494,647,614,0
/csgo-images/csgo000985.jpg 1382,309,1580,588,0
/csgo-images/csgo000986.jpg 665,401,684,426,0 758,414,803,495,0
/csgo-images/csgo000987.jpg 767,356,784,397,0
/csgo-images/csgo000988.jpg 738,315,759,375,0 969,375,1072,567,1
/csgo-images/csgo000989.jpg 705,367,724,418,0 1029,474,1085,576,1
/csgo-images/csgo000990.jpg 225,297,276,370,0 681,382,732,493,1
/csgo-images/csgo000991.jpg 177,297,280,442,0 1125,345,1168,445,1
/csgo-images/csgo000992.jpg 611,437,678,690,0 784,458,812,515,1
/csgo-images/csgo000993.jpg 39,275,108,393,0 186,293,229,350,1
/csgo-images/csgo000994.jpg 776,432,794,469,0
/csgo-images/csgo000995.jpg 1158,333,1187,414,0
/csgo-images/csgo000996.jpg 509,216,588,361,1 1198,347,1252,459,1
/csgo-images/csgo000997.jpg 359,376,482,521,1 876,201,931,320,1
/csgo-images/csgo000998.jpg 505,424,649,673,1
/csgo-images/csgo000999.jpg 540,406,579,475,1 763,398,830,558,1 1132,387,1155,446,1
/csgo-images/csgo001000.jpg 243,465,284,504,0 744,408,768,453,1
/csgo-images/csgo001001.jpg 1145,518,1286,637,0
/csgo-images/csgo001002.jpg 726,417,771,561,0
/csgo-images/csgo001003.jpg 133,391,292,697,0 812,411,826,450,0
/csgo-images/csgo001004.jpg 757,400,819,526,0 921,366,947,428,1
/csgo-images/csgo001005.jpg 546,383,599,482,0
/csgo-images/csgo001006.jpg 760,330,769,367,1 784,330,799,368,1 846,369,868,419,0 676,368,689,386,0
/csgo-images/csgo001007.jpg 196,47,334,199,0
/csgo-images/csgo001008.jpg 329,379,406,488,0 1106,386,1175,467,1
/csgo-images/csgo001009.jpg 572,369,601,456,0 828,413,921,706,0
/csgo-images/csgo001010.jpg 685,341,764,530,0 840,354,932,533,0 982,400,1049,528,0
/csgo-images/csgo001011.jpg 704,350,723,401,0 799,345,826,446,0
/csgo-images/csgo001012.jpg 914,358,957,457,1 731,363,766,430,1
/csgo-images/csgo001013.jpg 778,413,789,453,0
/csgo-images/csgo001014.jpg 304,484,339,529,1 761,473,787,534,1
/csgo-images/csgo001015.jpg 528,468,563,527,0
/csgo-images/csgo001016.jpg 752,444,780,484,0
/csgo-images/csgo001017.jpg 116,657,184,757,0 447,433,468,475,0
/csgo-images/csgo001018.jpg 666,375,696,455,0
/csgo-images/csgo001019.jpg 725,423,740,459,1 745,406,777,478,1
/csgo-images/csgo001020.jpg 772,440,802,526,0
/csgo-images/csgo001021.jpg 115,425,211,584,0 217,421,288,548,0 1258,458,1471,846,0
/csgo-images/csgo001022.jpg 871,309,958,489,0 974,306,1086,546,0
/csgo-images/csgo001023.jpg 351,231,379,278,1
/csgo-images/csgo001024.jpg 250,210,268,244,0 567,190,614,313,0
/csgo-images/csgo001025.jpg 285,191,303,217,1 492,189,506,222,0 480,183,495,215,0
/csgo-images/csgo001026.jpg 362,233,395,321,1
/csgo-images/csgo001027.jpg 365,233,382,270,1
/csgo-images/csgo001028.jpg 443,162,457,189,1 291,125,390,358,0
/csgo-images/csgo001029.jpg 198,265,210,290,1 303,266,313,290,1 464,265,475,290,1 621,265,635,289,1
/csgo-images/csgo001030.jpg 53,207,72,244,1 284,208,296,231,1 463,210,472,226,0 506,208,523,228,1
/csgo-images/csgo001031.jpg 282,229,293,250,1 364,228,375,250,1 506,228,518,251,1 669,228,682,252,1
/csgo-images/csgo001032.jpg 187,223,201,247,1 284,223,296,247,1 441,223,452,247,1 600,223,613,247,1
/csgo-images/csgo001033.jpg 269,208,279,225,1 339,207,348,227,1
/csgo-images/csgo001034.jpg 118,215,132,239,1 352,215,359,235,1 673,215,686,243,1 815,214,834,248,0
/csgo-images/csgo001035.jpg 48,222,75,252,1 91,225,102,250,0 522,224,532,248,1 809,223,826,252,1
/csgo-images/csgo001036.jpg 269,196,287,227,1 226,199,236,223,0 637,198,649,223,1
/csgo-images/csgo001037.jpg 264,234,280,279,0 400,235,416,277,0
/csgo-images/csgo001038.jpg 572,216,584,241,1 402,216,413,242,1 224,217,236,242,1 107,216,120,243,1
/csgo-images/csgo001039.jpg 146,153,162,180,1 247,153,259,180,1
/csgo-images/csgo001040.jpg 56,214,69,241,1 714,215,726,239,1 425,215,434,237,1 490,215,500,235,0
/csgo-images/csgo001041.jpg 134,234,146,262,1 234,234,245,256,0 492,234,499,253,1 424,234,431,252,1
/csgo-images/csgo001042.jpg 676,227,687,249,1 584,227,594,246,1 38,226,55,253,1
/csgo-images/csgo001043.jpg 181,224,192,248,1 347,226,354,244,1 521,222,536,242,1
/csgo-images/csgo001044.jpg 143,238,200,368,0
/csgo-images/csgo001045.jpg 666,180,684,231,0 462,167,509,270,0
/csgo-images/csgo001046.jpg 363,325,403,408,0 463,143,484,182,0 478,222,511,283,0
/csgo-images/csgo001047.jpg 274,252,338,328,1 535,233,601,312,1 613,245,709,324,1
/csgo-images/csgo001048.jpg 56,190,73,217,1 472,167,577,397,0
/csgo-images/csgo001049.jpg 426,201,482,350,1
/csgo-images/csgo001050.jpg 451,190,547,411,1 269,205,319,300,1 212,214,223,238,0
/csgo-images/csgo001051.jpg 233,190,252,234,0 366,184,448,371,1
/csgo-images/csgo001052.jpg 405,134,453,251,1
/csgo-images/csgo001053.jpg 385,217,426,306,0
/csgo-images/csgo001054.jpg 402,216,449,312,0
/csgo-images/csgo001055.jpg 391,206,414,254,0 425,200,477,308,0
/csgo-images/csgo001056.jpg 288,213,351,332,0 534,216,584,307,0 601,221,613,230,0
/csgo-images/csgo001057.jpg 299,205,386,462,0 434,227,459,272,0 491,222,531,321,0
/csgo-images/csgo001058.jpg 394,224,419,303,1 435,228,451,270,1
/csgo-images/csgo001059.jpg 89,190,123,250,1 160,189,204,245,1 539,198,557,236,1
/csgo-images/csgo001060.jpg 377,206,416,307,1
/csgo-images/csgo001061.jpg 215,185,244,247,1 402,181,431,260,1
/csgo-images/csgo001062.jpg 154,174,193,233,1 373,177,388,215,1
/csgo-images/csgo001063.jpg 629,161,685,271,1 391,170,419,234,1 467,173,474,194,0
/csgo-images/csgo001064.jpg 445,135,457,157,1 275,191,342,337,1
/csgo-images/csgo001065.jpg 374,281,391,327,0 483,174,489,195,1
/csgo-images/csgo001066.jpg 22,194,51,235,1 422,251,429,267,1 457,330,481,384,1
/csgo-images/csgo001067.jpg 162,178,196,234,1 602,272,621,307,1 433,234,440,246,1 426,224,434,239,1
/csgo-images/csgo001068.jpg 276,241,293,277,1 442,228,453,256,0 635,226,647,254,0
/csgo-images/csgo001069.jpg 150,300,203,396,1 426,198,437,226,1 515,188,526,211,0
/csgo-images/csgo001070.jpg 503,198,559,309,1
/csgo-images/csgo001071.jpg 103,172,168,292,0 485,219,535,352,0 546,223,581,313,0
/csgo-images/csgo001072.jpg 236,189,253,227,0 362,182,386,243,0 452,203,517,331,0 588,234,646,358,0
/csgo-images/csgo001073.jpg 141,197,241,384,0 276,187,338,311,0 467,186,512,294,0 713,238,765,345,0
/csgo-images/csgo001074.jpg 137,204,229,363,1 241,209,296,312,1 352,210,397,297,1 461,208,503,303,1 555,204,607,339,1
/csgo-images/csgo001075.jpg 636,191,694,344,0
/csgo-images/csgo001076.jpg 118,148,200,360,0 411,201,421,224,1
/csgo-images/csgo001077.jpg 317,181,348,256,0 490,179,519,273,0
/csgo-images/csgo001078.jpg 333,224,347,258,0 387,223,406,267,0 433,224,449,258,0
/csgo-images/csgo001079.jpg 274,242,298,290,1 427,240,460,265,1
/csgo-images/csgo001080.jpg 370,199,399,279,1
/csgo-images/csgo001081.jpg 106,211,154,318,1 371,206,385,235,1 581,206,618,289,1
/csgo-images/csgo001082.jpg 276,198,327,315,1
/csgo-images/csgo001083.jpg 371,209,390,260,1
/csgo-images/csgo001084.jpg 408,207,444,293,1
/csgo-images/csgo001085.jpg 527,204,569,299,1
/csgo-images/csgo001086.jpg 386,216,409,246,1
/csgo-images/csgo001087.jpg 207,129,280,234,1 597,155,643,210,1
/csgo-images/csgo001088.jpg 206,209,224,255,1
/csgo-images/csgo001089.jpg 330,192,371,335,0 390,194,431,317,0
/csgo-images/csgo001090.jpg 407,214,424,262,0 437,216,449,257,0
/csgo-images/csgo001091.jpg 319,198,365,282,0
/csgo-images/csgo001092.jpg 183,197,193,220,0 429,195,449,245,1
/csgo-images/csgo001093.jpg 400,159,427,233,0
/csgo-images/csgo001094.jpg 368,210,379,242,1 405,209,420,255,1
/csgo-images/csgo001095.jpg 290,226,326,299,0 447,199,471,265,0
/csgo-images/csgo001096.jpg 322,229,356,337,1 463,216,486,270,1
/csgo-images/csgo001097.jpg 444,237,457,264,1
/csgo-images/csgo001098.jpg 467,228,508,339,1 436,229,465,307,1
/csgo-images/csgo001099.jpg 389,228,399,247,1
/csgo-images/csgo001100.jpg 394,246,414,286,1
/csgo-images/csgo001101.jpg 342,268,379,348,1 411,218,441,275,1
/csgo-images/csgo001102.jpg 354,282,391,315,1
/csgo-images/csgo001103.jpg 341,234,353,270,0 451,234,465,270,0
/csgo-images/csgo001104.jpg 633,197,664,251,1 374,209,387,220,0
/csgo-images/csgo001105.jpg 441,210,470,270,1
/csgo-images/csgo001106.jpg 402,111,489,170,0
/csgo-images/csgo001107.jpg 389,232,402,268,1
/csgo-images/csgo001108.jpg 382,233,403,278,1
/csgo-images/csgo001109.jpg 396,234,407,263,0 411,233,419,254,0 423,233,432,253,0 544,229,586,300,1
/csgo-images/csgo001110.jpg 405,233,415,263,0 435,234,442,254,0 524,228,562,299,1
/csgo-images/csgo001111.jpg 358,224,381,281,1 460,224,473,252,1
/csgo-images/csgo001112.jpg 688,258,742,391,0 325,241,349,294,0 413,236,424,268,0
/csgo-images/csgo001113.jpg 227,232,246,270,0 399,228,414,273,0 525,235,535,264,0 543,242,550,258,1
/csgo-images/csgo001114.jpg 388,175,400,200,1 385,230,393,252,1
/csgo-images/csgo001115.jpg 411,232,427,265,0 473,229,496,285,0
/csgo-images/csgo001116.jpg 440,233,454,270,0 467,243,477,264,0
/csgo-images/csgo001117.jpg 383,236,402,299,0 423,234,447,294,0
/csgo-images/csgo001118.jpg 342,214,356,240,1 548,249,564,293,1
/csgo-images/csgo001119.jpg 594,176,627,223,1
/csgo-images/csgo001120.jpg 419,232,440,285,0 591,210,604,226,1 606,213,618,247,1
/csgo-images/csgo001121.jpg 590,224,603,270,0 54,252,106,327,0
/csgo-images/csgo001122.jpg 332,226,348,251,0 437,234,444,250,0
/csgo-images/csgo001123.jpg 425,234,436,265,0
/csgo-images/csgo001124.jpg 5,290,55,363,1
/csgo-images/csgo001125.jpg 119,392,145,439,1 715,390,736,423,1 1250,384,1295,436,1 1093,396,1110,433,0 1516,394,1543,441,0
/csgo-images/csgo001126.jpg 328,471,347,511,0 647,470,658,501,0 480,460,521,504,1 777,469,789,500,1 978,470,987,503,1 1121,468,1140,509,1
/csgo-images/csgo001127.jpg 78,442,117,494,1 715,442,744,475,1 1289,433,1360,489,1 1097,447,1118,483,0 1519,446,1556,493,0
/csgo-images/csgo001128.jpg 24,435,102,499,1 835,437,881,488,1 1044,446,1059,482,1 1322,446,1342,489,1 905,449,922,483,0 635,447,654,487,0
/csgo-images/csgo001129.jpg 203,336,238,385,1 429,335,450,383,1 1068,336,1081,380,1 1004,322,1073,394,1
/csgo-images/csgo001130.jpg 291,361,322,405,1 480,360,505,408,1 984,347,1065,426,1 1118,360,1143,408,1
/csgo-images/csgo001131.jpg 105,430,144,487,1 731,430,754,461,1 1141,424,1193,471,1 1097,436,1118,468,0 1509,434,1543,479,0
/csgo-images/csgo001132.jpg 505,434,527,477,0 813,434,830,475,0 319,417,406,484,1 978,433,995,471,1 1270,433,1295,476,1 1525,430,1565,491,1
/csgo-images/csgo001133.jpg 723,375,766,486,1 521,416,603,570,1 812,454,908,545,1
/csgo-images/csgo001134.jpg 506,424,549,508,0 593,427,627,496,0 690,441,711,476,0
/csgo-images/csgo001135.jpg 507,437,540,519,1 926,414,1066,734,1
/csgo-images/csgo001136.jpg 511,463,594,590,1 416,431,435,469,0 1019,450,1057,544,0
/csgo-images/csgo001137.jpg 327,468,348,508,1 502,469,523,507,1 940,460,994,511,1 1061,467,1080,508,1
/csgo-images/csgo001138.jpg 0,399,94,612,0 225,407,309,550,0 410,431,446,485,0 1209,414,1243,496,0
/csgo-images/csgo001139.jpg 325,459,412,549,1
/csgo-images/csgo001140.jpg 1178,335,1252,535,0
/csgo-images/csgo001141.jpg 1055,396,1099,528,0 965,391,1025,548,0
/csgo-images/csgo001142.jpg 661,289,751,496,1
/csgo-images/csgo001143.jpg 683,265,716,341,1
/csgo-images/csgo001144.jpg 699,307,799,475,1
/csgo-images/csgo001145.jpg 169,453,260,516,1 361,462,390,507,1 1183,462,1208,507,1 1208,460,1237,509,1
/csgo-images/csgo001146.jpg 1497,431,1532,482,1 55,429,97,490,1 96,429,142,490,1
/csgo-images/csgo001147.jpg 120,456,147,504,1 709,456,738,489,1 1228,449,1290,500,1 1086,459,1109,495,0 1501,459,1539,506,0
/csgo-images/csgo001148.jpg 258,458,290,513,0 630,460,648,498,0 532,446,592,506,1 764,459,779,493,1 973,460,988,494,1 1129,459,1151,497,1
/csgo-images/csgo001149.jpg 206,451,242,509,1 476,451,503,507,1 1101,451,1122,496,1 1393,443,1489,513,1
/csgo-images/csgo001150.jpg 325,460,354,509,1 380,448,460,518,1 1129,460,1147,494,1 1170,457,1202,496,1
/csgo-images/csgo001151.jpg 139,449,179,507,1 234,446,284,504,1 1424,450,1455,487,1
/csgo-images/csgo001152.jpg 1839,621,1908,722,0
/csgo-images/csgo001153.jpg 753,435,782,515,0 1378,536,1447,649,0
/csgo-images/csgo001154.jpg 986,326,1117,710,0
/csgo-images/csgo001155.jpg 679,441,748,628,0 1383,445,1473,619,0
/csgo-images/csgo001156.jpg 734,442,824,678,0
/csgo-images/csgo001157.jpg 825,368,979,793,0
/csgo-images/csgo001158.jpg 828,382,1022,853,0
/csgo-images/csgo001159.jpg 441,380,641,770,0
/csgo-images/csgo001160.jpg 985,172,1145,563,0 1296,209,1383,358,0
/csgo-images/csgo001161.jpg 960,265,1144,745,0
/csgo-images/csgo001162.jpg 950,415,977,478,0 1050,491,1111,659,0
/csgo-images/csgo001163.jpg 1248,412,1309,564,0
/csgo-images/csgo001164.jpg 921,409,983,518,0
/csgo-images/csgo001165.jpg 1098,347,1186,503,0
/csgo-images/csgo001166.jpg 1053,353,1104,489,0
/csgo-images/csgo001167.jpg 984,403,1054,604,0
/csgo-images/csgo001168.jpg 0,408,244,1080,0
/csgo-images/csgo001169.jpg 1070,408,1106,485,0 759,380,911,697,0
/csgo-images/csgo001170.jpg 1032,385,1121,567,0
/csgo-images/csgo001171.jpg 1207,387,1380,658,0
/csgo-images/csgo001172.jpg 1308,520,1456,732,0 1549,502,1630,543,0
/csgo-images/csgo001173.jpg 720,427,738,471,0 938,451,965,470,0 1121,482,1148,534,0
/csgo-images/csgo001174.jpg 672,465,706,491,0 1021,470,1056,520,0
/csgo-images/csgo001175.jpg 963,432,1048,586,0
/csgo-images/csgo001176.jpg 429,320,519,370,0 1051,355,1237,675,0
/csgo-images/csgo001177.jpg 1148,345,1198,384,0 807,382,970,697,0
/csgo-images/csgo001178.jpg 805,412,891,572,0
/csgo-images/csgo001179.jpg 968,356,1062,507,0
/csgo-images/csgo001180.jpg 929,443,1029,610,0
/csgo-images/csgo001181.jpg 991,347,1055,557,0 693,364,723,441,0
/csgo-images/csgo001182.jpg 1081,333,1225,627,0
/csgo-images/csgo001183.jpg 1111,356,1176,466,0
/csgo-images/csgo001184.jpg 1011,339,1211,792,0
/csgo-images/csgo001185.jpg 1080,430,1180,621,0
/csgo-images/csgo001186.jpg 922,228,959,274,0 789,288,938,564,0
/csgo-images/csgo001187.jpg 928,340,1003,484,0
/csgo-images/csgo001188.jpg 903,399,936,464,0
/csgo-images/csgo001189.jpg 936,545,994,666,0
/csgo-images/csgo001190.jpg 1053,438,1174,706,0
/csgo-images/csgo001191.jpg 1121,388,1278,768,0
/csgo-images/csgo001192.jpg 1544,359,1627,472,0 873,318,1065,716,0 1082,367,1094,412,0
/csgo-images/csgo001193.jpg 844,417,871,463,0 946,407,1031,575,0
/csgo-images/csgo001194.jpg 403,404,526,634,0 1202,417,1258,519,0
/csgo-images/csgo001195.jpg 710,311,748,381,0 1426,227,1480,318,0
/csgo-images/csgo001196.jpg 527,280,582,369,0 1262,354,1291,429,0
/csgo-images/csgo001197.jpg 1216,340,1252,411,0
/csgo-images/csgo001198.jpg 1039,369,1099,483,0
/csgo-images/csgo001199.jpg 792,390,855,535,0
/csgo-images/csgo001200.jpg 797,189,953,503,0
/csgo-images/csgo001201.jpg 1091,356,1154,522,0 590,241,630,313,0
/csgo-images/csgo001202.jpg 665,343,728,481,0
/csgo-images/csgo001203.jpg 889,335,960,558,0
/csgo-images/csgo001204.jpg 401,399,428,460,0 1632,390,1712,482,0
/csgo-images/csgo001205.jpg 525,266,626,450,0 1844,435,1892,506,0
/csgo-images/csgo001206.jpg 1441,417,1587,653,0
/csgo-images/csgo001207.jpg 504,321,562,432,0 1009,256,1213,862,0
/csgo-images/csgo001208.jpg 1347,308,1416,473,0
/csgo-images/csgo001209.jpg 1034,414,1088,557,0
/csgo-images/csgo001210.jpg 819,442,923,732,0
/csgo-images/csgo001211.jpg 765,423,916,714,0 1045,48,1101,150,1
/csgo-images/csgo001212.jpg 132,405,305,582,0 851,542,930,759,0
/csgo-images/csgo001213.jpg 1239,1,1429,307,0 798,27,821,80,0
/csgo-images/csgo001214.jpg 1189,258,1329,575,0 768,330,790,369,0
/csgo-images/csgo001215.jpg 1280,89,1526,552,0
/csgo-images/csgo001216.jpg 1151,253,1248,517,0
/csgo-images/csgo001217.jpg 1036,320,1125,561,0
/csgo-images/csgo001218.jpg 176,89,234,167,0 724,273,788,500,0
/csgo-images/csgo001219.jpg 985,366,1045,547,0
/csgo-images/csgo001220.jpg 645,286,806,663,0 1341,153,1373,213,0
/csgo-images/csgo001221.jpg 626,271,755,572,0
/csgo-images/csgo001222.jpg 729,220,860,507,0
/csgo-images/csgo001223.jpg 977,174,1165,786,0
/csgo-images/csgo001224.jpg 681,243,746,367,0
/csgo-images/csgo001225.jpg 1044,405,1121,618,0
/csgo-images/csgo001226.jpg 626,213,659,287,0
/csgo-images/csgo001227.jpg 601,298,626,345,0
/csgo-images/csgo001228.jpg 995,372,1074,549,0
/csgo-images/csgo001229.jpg 686,301,845,497,0
/csgo-images/csgo001230.jpg 950,397,1111,610,0
/csgo-images/csgo001231.jpg 839,253,938,396,0
/csgo-images/csgo001232.jpg 813,365,872,461,0
/csgo-images/csgo001233.jpg 967,187,1029,330,0 1184,414,1196,442,0
/csgo-images/csgo001234.jpg 429,434,457,520,0 1070,422,1137,639,0 964,350,978,386,0
/csgo-images/csgo001235.jpg 89,233,121,295,0 1109,367,1236,666,0
/csgo-images/csgo001236.jpg 1249,347,1426,676,0
/csgo-images/csgo001237.jpg 1590,206,1627,264,0
/csgo-images/csgo001238.jpg 891,354,920,448,0 764,354,821,468,0 334,306,614,829,0 1363,294,1608,664,0
/csgo-images/csgo001239.jpg 653,231,855,738,0
/csgo-images/csgo001240.jpg 734,365,874,637,0
/csgo-images/csgo001241.jpg 626,295,851,967,0
/csgo-images/csgo001242.jpg 835,277,1107,1022,0
/csgo-images/csgo001243.jpg 915,491,942,549,0
/csgo-images/csgo001244.jpg 846,410,908,565,0
/csgo-images/csgo001245.jpg 1535,403,1567,477,0
/csgo-images/csgo001246.jpg 678,446,699,504,0 1089,447,1110,507,0
/csgo-images/csgo001247.jpg 917,318,1059,738,0
/csgo-images/csgo001248.jpg 807,360,943,788,0
/csgo-images/csgo001249.jpg 1408,191,1556,572,0
/csgo-images/csgo001250.jpg 863,370,1030,616,0
/csgo-images/csgo001251.jpg 882,495,918,573,0
/csgo-images/csgo001252.jpg 960,445,985,504,0
/csgo-images/csgo001253.jpg 493,412,631,575,0 1313,272,1420,407,0
/csgo-images/csgo001254.jpg 1104,271,1172,402,0 227,555,429,738,0
/csgo-images/csgo001255.jpg 955,491,995,614,0
/csgo-images/csgo001256.jpg 900,446,938,523,0 1718,437,1806,592,0
/csgo-images/csgo001257.jpg 1032,506,1079,629,0
/csgo-images/csgo001258.jpg 270,402,447,664,1 880,405,943,564,0
/csgo-images/csgo001259.jpg 482,413,607,610,1 1161,409,1215,542,0 1718,415,1764,500,0
/csgo-images/csgo001260.jpg 1419,387,1586,684,1 421,385,500,556,0
/csgo-images/csgo001261.jpg 641,410,729,602,1 1237,394,1316,637,0
/csgo-images/csgo001262.jpg 250,395,452,684,1 1509,405,1693,752,1
/csgo-images/csgo001263.jpg 340,234,550,637,0 562,282,731,585,1 1058,278,1083,343,1
/csgo-images/csgo001264.jpg 217,537,323,676,1 475,646,638,947,1 625,489,672,590,0 1164,506,1231,616,1
/csgo-images/csgo001265.jpg 197,335,551,865,1 1651,375,1847,657,1
/csgo-images/csgo001266.jpg 1509,340,1747,824,1
/csgo-images/csgo001267.jpg 1188,362,1246,493,1 1034,368,1092,512,1 677,338,731,439,1 769,306,842,447,0 907,420,993,613,0
/csgo-images/csgo001268.jpg 363,315,615,874,1 960,375,994,464,1 1066,332,1222,762,1
/csgo-images/csgo001269.jpg 727,352,842,648,0 979,367,1017,522,0
/csgo-images/csgo001270.jpg 525,333,696,675,0 717,370,872,674,1 1567,365,1611,450,1
/csgo-images/csgo001271.jpg 876,439,959,606,1 966,300,1018,395,1
/csgo-images/csgo001272.jpg 860,408,936,623,1 1068,422,1151,558,1
/csgo-images/csgo001273.jpg 1123,361,1165,457,1 1049,486,1108,600,1
/csgo-images/csgo001274.jpg 805,374,911,545,0
/csgo-images/csgo001275.jpg 989,407,1118,713,0
/csgo-images/csgo001276.jpg 908,710,1073,1080,0
/csgo-images/csgo001277.jpg 898,738,1048,1080,1
/csgo-images/csgo001278.jpg 844,386,879,454,1
/csgo-images/csgo001279.jpg 756,433,879,737,1
/csgo-images/csgo001280.jpg 66,280,152,375,1 732,180,761,219,0
/csgo-images/csgo001281.jpg 349,313,595,738,1 929,354,990,475,1 1401,306,1582,712,1 1215,348,1265,461,0
/csgo-images/csgo001282.jpg 37,139,102,220,1 124,142,154,187,1 656,139,690,218,0
/csgo-images/csgo001283.jpg 619,204,630,234,0 264,197,347,381,1
/csgo-images/csgo001284.jpg 650,209,695,289,1 396,212,408,244,0 448,213,458,240,0
/csgo-images/csgo001285.jpg 402,213,412,238,0 445,213,452,236,0 559,211,589,259,1 478,204,547,370,1
/csgo-images/csgo001286.jpg 221,225,250,276,1 672,228,712,282,1 720,228,733,256,1
/csgo-images/csgo001287.jpg 449,205,467,241,1 240,203,279,271,1
/csgo-images/csgo001288.jpg 492,224,509,266,0 477,201,495,234,0 371,157,385,178,1
/csgo-images/csgo001289.jpg 434,551,563,703,0 1490,528,1531,621,0
/csgo-images/csgo001290.jpg 792,490,943,995,0 1168,511,1197,581,1
/csgo-images/csgo001291.jpg 407,433,552,724,0 1510,447,1550,535,0
/csgo-images/csgo001292.jpg 698,342,783,554,0 1310,358,1346,441,0
/csgo-images/csgo001293.jpg 1050,606,1130,840,0 912,389,941,452,1 942,386,965,451,1
/csgo-images/csgo001294.jpg 465,391,601,647,0 959,453,983,512,1
/csgo-images/csgo001295.jpg 1591,296,1710,556,0
/csgo-images/csgo001296.jpg 1512,423,1625,663,0 1091,468,1124,557,0
/csgo-images/csgo001297.jpg 670,517,716,618,0
/csgo-images/csgo001298.jpg 1472,446,1603,621,0 1549,232,1595,285,1
/csgo-images/csgo001299.jpg 795,291,928,635,1 1152,213,1189,285,0
/csgo-images/csgo001300.jpg 361,350,525,649,1 1096,295,1142,403,0
/csgo-images/csgo001301.jpg 559,507,646,652,1 1122,507,1158,624,0
/csgo-images/csgo001302.jpg 835,520,865,585,0 882,516,1033,825,0
/csgo-images/csgo001303.jpg 329,472,423,607,1
/csgo-images/csgo001304.jpg 414,337,606,576,1 1319,25,1353,105,1
/csgo-images/csgo001305.jpg 242,589,383,879,1 1514,112,1768,589,0
/csgo-images/csgo001306.jpg 707,314,728,370,0 806,409,917,681,0
/csgo-images/csgo001307.jpg 375,470,500,693,0 1577,549,1625,610,1
/csgo-images/csgo001308.jpg 626,504,686,618,1
/csgo-images/csgo001309.jpg 1013,484,1040,530,1
/csgo-images/csgo001310.jpg 721,432,764,561,0 1116,456,1141,513,0
/csgo-images/csgo001311.jpg 1685,576,1785,730,1
/csgo-images/csgo001312.jpg 1263,471,1363,682,1
/csgo-images/csgo001313.jpg 220,493,282,597,0 1467,433,1500,458,1
/csgo-images/csgo001314.jpg 943,468,1037,624,1 1075,320,1136,439,0 1638,328,1775,440,1
/csgo-images/csgo001315.jpg 13,516,132,684,1 1863,502,1903,678,0
/csgo-images/csgo001316.jpg 721,733,775,828,0 1172,669,1220,747,1 1692,725,1744,844,0
/csgo-images/csgo001317.jpg 490,372,600,541,1 1414,353,1523,629,0
/csgo-images/csgo001318.jpg 417,385,496,554,0 1435,387,1609,684,1
/csgo-images/0.jpg 294,173,386,380,1 
/csgo-images/1.jpg 347,179,377,229,1 
/csgo-images/10.jpg 339,173,360,223,1 357,173,377,223,1 
/csgo-images/100.jpg 328,185,343,232,0 334,179,349,226,1 
/csgo-images/101.jpg 354,142,371,173,1 
/csgo-images/102.jpg 194,112,227,201,1 228,105,294,277,1 299,103,358,240,1 
/csgo-images/103.jpg 220,152,246,201,1 
/csgo-images/104.jpg 317,166,355,226,0 
/csgo-images/105.jpg 286,134,412,337,0 490,148,531,208,0 
/csgo-images/106.jpg 312,156,402,322,0 277,107,309,147,1 
/csgo-images/107.jpg 335,105,402,267,0 286,111,351,238,0 
/csgo-images/108.jpg 307,156,371,274,1 
/csgo-images/109.jpg 170,145,287,381,0 269,136,391,377,0 545,167,580,243,0 
/csgo-images/11.jpg 26,185,140,369,1 519,163,569,263,1 
/csgo-images/110.jpg 347,153,392,208,1 240,133,276,207,1 299,147,324,200,1 268,133,305,181,1 
/csgo-images/111.jpg 360,123,390,207,0 425,110,484,252,0 375,123,416,236,0 
/csgo-images/112.jpg 321,174,350,236,1 
/csgo-images/113.jpg 294,147,317,211,1 249,153,279,223,1 
/csgo-images/114.jpg 258,204,295,280,0 258,211,294,280,0 307,207,346,291,0 
/csgo-images/115.jpg 0,59,121,382,0 
/csgo-images/116.jpg 265,174,327,382,0 321,140,361,212,1 
/csgo-images/117.jpg 332,186,350,233,1 353,178,381,236,1 
/csgo-images/118.jpg 391,171,431,248,0 254,153,298,247,0 232,159,265,226,0 201,169,232,222,0 
/csgo-images/119.jpg 213,206,310,326,0 294,174,372,259,0 228,138,284,207,0 137,149,222,222,0 
/csgo-images/12.jpg 258,162,357,382,1 332,190,394,356,1 
/csgo-images/120.jpg 273,137,379,377,1 
/csgo-images/121.jpg 269,82,353,274,1 354,141,391,230,0 331,159,372,230,0 
/csgo-images/122.jpg 346,111,431,288,1 409,177,436,230,1 
/csgo-images/123.jpg 296,174,414,382,0 
/csgo-images/124.jpg 185,147,239,273,1 0,4,202,373,1 
/csgo-images/125.jpg 291,160,394,318,1 
/csgo-images/126.jpg 325,41,434,254,0 
/csgo-images/127.jpg 421,68,579,369,1 255,122,450,362,1 
/csgo-images/128.jpg 253,238,364,381,1 
/csgo-images/129.jpg 158,115,242,284,0 292,152,325,226,0 
/csgo-images/13.jpg 312,170,388,310,1 269,126,335,269,1 273,126,339,269,1 
/csgo-images/130.jpg 4,260,144,382,0 129,127,214,233,0 0,125,73,277,0 228,175,336,336,0 
/csgo-images/131.jpg 310,111,380,226,0 
/csgo-images/132.jpg 314,204,339,259,0 340,210,364,275,0 
/csgo-images/133.jpg 320,169,364,266,1 421,159,476,252,1 
/csgo-images/134.jpg 236,219,298,317,1 391,145,443,207,0 
/csgo-images/135.jpg 343,142,397,221,1 
/csgo-images/136.jpg 280,149,314,203,1 
/csgo-images/137.jpg 361,129,421,288,1 307,134,362,262,1 
/csgo-images/138.jpg 258,130,340,254,0 
/csgo-images/139.jpg 360,174,416,302,0 
/csgo-images/14.jpg 250,145,332,251,1 362,178,399,227,1 
/csgo-images/140.jpg 288,118,361,254,1 358,133,399,245,1 
/csgo-images/141.jpg
/csgo-images/142.jpg 291,142,332,210,1 291,145,338,210,1 291,141,339,210,1 349,144,392,221,1 
/csgo-images/143.jpg 114,152,183,248,1 275,153,314,236,1 
/csgo-images/144.jpg 339,170,380,249,1 375,174,423,227,1 
/csgo-images/145.jpg 272,190,309,284,0 320,193,357,263,0 
/csgo-images/146.jpg 294,158,377,367,1 
/csgo-images/147.jpg 331,190,364,249,0 
/csgo-images/148.jpg 331,68,368,140,1 318,156,350,223,1 361,160,380,208,1 336,159,375,211,1 
/csgo-images/149.jpg 196,160,238,237,1 381,160,438,286,1 
/csgo-images/15.jpg 364,116,405,200,0 266,132,309,215,0 320,121,357,200,0 
/csgo-images/150.jpg 324,130,383,236,0 269,142,339,307,0 
/csgo-images/151.jpg 283,148,351,256,0 
/csgo-images/152.jpg 331,188,355,241,0 
/csgo-images/153.jpg 173,118,258,269,0 408,99,554,374,0 236,118,343,291,0 
/csgo-images/154.jpg 312,96,369,219,1 434,53,541,258,1 
/csgo-images/155.jpg 334,163,394,269,0 
/csgo-images/156.jpg 312,167,360,245,0 
/csgo-images/157.jpg 329,196,350,229,1 253,190,290,297,1 288,222,335,344,1 
/csgo-images/158.jpg 117,63,291,382,0 379,155,421,240,0 423,148,457,236,0 
/csgo-images/159.jpg 77,147,195,344,0 192,141,259,319,0 
/csgo-images/16.jpg 210,142,372,351,1 
/csgo-images/160.jpg 102,156,286,381,0 266,160,350,382,0 380,184,413,226,0 
/csgo-images/161.jpg 235,141,286,240,0 
/csgo-images/162.jpg 291,166,349,278,0 372,142,429,263,0 269,142,305,221,0 335,144,377,252,0 
/csgo-images/163.jpg 301,136,369,248,0 
/csgo-images/164.jpg 392,197,427,245,0 
/csgo-images/165.jpg 332,240,364,293,1 357,229,391,299,1 
/csgo-images/166.jpg 334,181,379,229,1 338,181,383,229,1 
/csgo-images/167.jpg 303,140,349,215,1 362,136,423,219,1 
/csgo-images/168.jpg 340,160,364,210,0 368,164,394,214,0 
/csgo-images/169.jpg 394,74,505,322,0 32,47,239,377,0 347,133,405,256,0 202,152,276,266,0 
/csgo-images/17.jpg 281,163,369,382,1 
/csgo-images/170.jpg 425,96,484,210,0 491,118,534,190,1 
/csgo-images/171.jpg 236,160,273,225,1 412,140,495,269,1 
/csgo-images/172.jpg 284,155,318,243,0 284,160,366,243,0 327,156,366,243,0 
/csgo-images/173.jpg
/csgo-images/174.jpg 334,162,365,219,0 
/csgo-images/175.jpg 343,148,377,232,1 299,164,351,238,1 
/csgo-images/176.jpg 342,164,369,226,1 
/csgo-images/177.jpg 266,167,324,212,1 180,212,229,295,1 
/csgo-images/178.jpg 344,186,364,222,1 440,48,521,217,1 
/csgo-images/179.jpg 331,164,371,238,0 
/csgo-images/18.jpg 211,156,258,267,0 351,159,383,215,0 
/csgo-images/180.jpg 299,94,364,245,1 
/csgo-images/181.jpg 405,138,453,237,0 343,127,383,221,0 375,129,410,219,0 
/csgo-images/182.jpg 362,130,412,212,0 
/csgo-images/183.jpg 279,138,368,312,1 
/csgo-images/184.jpg 292,163,335,227,1 338,158,373,207,1 
/csgo-images/185.jpg 339,175,373,219,0 
/csgo-images/186.jpg 424,141,450,190,1 
/csgo-images/187.jpg 350,188,414,332,1 
/csgo-images/188.jpg 232,162,286,238,1 298,158,324,211,1 
/csgo-images/189.jpg 310,177,351,245,0 388,178,424,237,0 
/csgo-images/19.jpg 343,166,388,258,1 436,130,504,251,1 
/csgo-images/190.jpg 276,141,334,259,0 428,167,477,245,0 380,158,403,221,0 
/csgo-images/191.jpg 305,170,402,288,1 
/csgo-images/192.jpg 257,134,346,260,0 401,155,432,211,0 
/csgo-images/193.jpg 306,145,377,278,1 371,152,403,237,1 
/csgo-images/194.jpg 291,134,343,222,0 
/csgo-images/195.jpg 306,155,368,248,0 
/csgo-images/196.jpg 480,188,558,339,1 323,184,353,222,1 
/csgo-images/197.jpg 399,130,440,237,0 329,127,368,222,0 362,127,406,214,0 
/csgo-images/198.jpg 291,153,372,274,0 
/csgo-images/199.jpg 388,105,498,374,0 323,160,354,225,0 368,158,395,226,0 
/csgo-images/2.jpg 364,126,450,282,0 
/csgo-images/20.jpg 380,147,403,185,1 
/csgo-images/200.jpg 265,107,350,312,0 402,137,438,197,0 368,144,406,199,0 
/csgo-images/201.jpg 302,162,381,363,1 372,199,432,325,1 
/csgo-images/202.jpg 334,148,381,247,0 277,140,332,259,0 
/csgo-images/203.jpg 305,142,349,237,1 
/csgo-images/204.jpg 242,141,287,222,0 360,132,406,238,0 
/csgo-images/205.jpg 318,178,343,218,1 
/csgo-images/206.jpg 358,97,406,182,0 292,226,424,377,0 
/csgo-images/207.jpg 403,184,443,229,1 483,178,517,225,1 
/csgo-images/208.jpg 499,174,543,244,0 375,164,420,240,0 344,178,381,225,0 
/csgo-images/209.jpg 302,115,334,156,0 
/csgo-images/21.jpg 151,75,236,204,1 384,40,458,166,1 
/csgo-images/210.jpg 242,152,279,200,0 299,152,332,204,0 299,149,332,204,0 346,145,377,201,0 
/csgo-images/211.jpg 184,138,296,365,0 28,163,148,382,0 
/csgo-images/212.jpg 394,107,436,203,1 342,147,373,190,0 
/csgo-images/213.jpg 307,115,401,299,1 
/csgo-images/214.jpg 270,85,331,175,1 199,82,240,171,1 235,97,272,169,1 
/csgo-images/215.jpg 299,163,366,274,1 
/csgo-images/216.jpg 269,104,335,233,1 392,148,432,204,1 
/csgo-images/217.jpg 283,175,318,240,0 324,170,351,234,0 
/csgo-images/218.jpg 446,136,498,214,0 
/csgo-images/219.jpg 254,178,295,233,1 336,185,376,249,1 388,163,414,249,1 
/csgo-images/22.jpg 286,156,335,260,0 443,166,476,247,0 325,170,380,317,0 380,173,413,249,0 
/csgo-images/220.jpg 297,53,368,263,1 
/csgo-images/221.jpg 198,160,255,223,1 314,158,353,211,1 
/csgo-images/222.jpg 371,169,416,236,1 313,179,344,226,1 
/csgo-images/223.jpg 321,175,377,258,1 243,156,288,271,1 
/csgo-images/224.jpg 386,103,483,323,1 277,129,409,360,1 
/csgo-images/225.jpg 294,134,325,184,0 
/csgo-images/226.jpg 280,147,320,233,1 451,199,484,247,0 
/csgo-images/227.jpg 236,129,369,382,1 
/csgo-images/228.jpg 327,166,355,210,1 
/csgo-images/229.jpg 301,149,338,206,1 
/csgo-images/23.jpg 328,152,346,181,0 
/csgo-images/230.jpg 239,93,391,351,1 413,123,440,163,1 
/csgo-images/231.jpg 46,147,113,296,1 316,169,395,280,1 
/csgo-images/232.jpg 297,140,328,188,0 445,127,490,221,0 
/csgo-images/233.jpg 203,156,262,251,0 259,149,295,218,0 
/csgo-images/234.jpg 368,115,436,229,1 
/csgo-images/235.jpg 453,116,508,210,0 379,121,416,167,0 416,121,457,164,0 
/csgo-images/236.jpg 334,177,360,218,1 473,196,569,376,1 
/csgo-images/237.jpg 269,162,347,330,0 
/csgo-images/238.jpg 240,158,276,188,1 
/csgo-images/239.jpg 251,121,349,262,1 
/csgo-images/24.jpg 210,144,275,225,0 313,195,402,322,0 291,138,329,195,0 357,134,390,217,0 386,163,442,251,0 
/csgo-images/240.jpg 283,140,318,232,0 316,144,358,234,0 
/csgo-images/241.jpg 332,171,364,211,0 
/csgo-images/242.jpg 291,126,403,378,0 409,141,451,236,0 
/csgo-images/243.jpg 217,153,250,206,0 
/csgo-images/244.jpg 320,136,364,217,1 
/csgo-images/245.jpg 321,163,390,264,0 
/csgo-images/246.jpg 277,115,346,285,1 277,118,336,285,1 353,118,410,244,1 
/csgo-images/247.jpg 270,144,353,339,0 179,153,255,311,0 137,144,207,310,0 
/csgo-images/248.jpg 305,118,332,162,0 
/csgo-images/249.jpg 187,162,233,218,1 355,169,397,258,1 
/csgo-images/25.jpg 161,158,298,382,0 286,160,362,378,0 
/csgo-images/250.jpg 209,145,268,218,0 317,197,401,319,0 290,138,328,207,0 353,144,387,217,0 392,166,443,254,0 
/csgo-images/251.jpg 321,178,366,269,0 
/csgo-images/252.jpg 314,164,354,234,1 213,160,266,293,1 264,163,320,284,1 
/csgo-images/253.jpg
/csgo-images/254.jpg 513,159,674,374,0 335,155,376,215,0 366,153,398,218,0 
/csgo-images/255.jpg 176,179,209,233,1 
/csgo-images/256.jpg 275,116,340,296,1 450,159,487,227,1 395,155,425,204,1 
/csgo-images/257.jpg 321,215,373,280,1 
/csgo-images/258.jpg 131,158,281,381,0 309,166,365,328,0 454,163,512,306,0 634,163,679,326,0 
/csgo-images/259.jpg 317,152,372,307,1 
/csgo-images/26.jpg 380,125,398,153,0 
/csgo-images/260.jpg 425,107,488,252,0 372,116,413,227,0 
/csgo-images/261.jpg 334,193,375,249,1 
/csgo-images/262.jpg 305,126,339,208,0 334,118,403,288,0 
/csgo-images/263.jpg 229,188,261,215,0 
/csgo-images/264.jpg 560,153,604,237,0 534,148,571,232,0 509,145,545,212,0 
/csgo-images/265.jpg 440,125,501,238,0 
/csgo-images/266.jpg 427,129,468,217,1 327,175,353,219,1 
/csgo-images/267.jpg 381,148,410,203,0 
/csgo-images/268.jpg 201,122,281,247,0 
/csgo-images/269.jpg 362,173,395,221,1 
/csgo-images/27.jpg 412,127,451,222,0 349,118,387,207,0 371,122,413,211,0 
/csgo-images/270.jpg 168,152,292,382,0 287,153,391,382,0 
/csgo-images/271.jpg 392,137,453,273,1 
/csgo-images/272.jpg 361,175,394,244,1 
/csgo-images/273.jpg 266,125,353,281,0 
/csgo-images/274.jpg 80,171,210,380,0 
/csgo-images/275.jpg 306,142,343,226,1 
/csgo-images/276.jpg 279,167,310,227,0 320,166,343,217,0 303,212,365,330,0 
/csgo-images/277.jpg 413,163,457,237,0 334,116,397,259,0 235,137,286,232,0 169,162,198,207,0 203,160,222,214,0 
/csgo-images/278.jpg 107,195,254,380,0 335,179,377,281,0 
/csgo-images/279.jpg 114,160,161,214,0 187,145,228,222,0 451,160,516,255,0 336,86,466,312,0 
/csgo-images/28.jpg
/csgo-images/280.jpg 334,130,355,166,1 
/csgo-images/281.jpg 349,147,417,325,1 
/csgo-images/282.jpg 177,152,360,366,1 
/csgo-images/283.jpg 95,149,158,240,0 220,158,264,233,0 258,152,296,226,0 
/csgo-images/284.jpg 302,134,357,207,0 
/csgo-images/285.jpg 368,123,398,163,1 
/csgo-images/286.jpg 316,158,344,211,1 
/csgo-images/287.jpg 320,167,360,233,1 294,162,331,222,1 
/csgo-images/288.jpg 361,133,408,225,0 
/csgo-images/289.jpg 335,89,572,378,0 259,126,314,245,0 
/csgo-images/29.jpg 235,137,351,382,1 
/csgo-images/290.jpg 301,169,368,296,1 
/csgo-images/291.jpg 303,134,332,182,0 
/csgo-images/292.jpg 227,175,280,249,1 536,149,610,314,1 
/csgo-images/293.jpg
/csgo-images/294.jpg 199,121,240,210,1 291,123,327,211,1 
/csgo-images/295.jpg 210,136,298,270,0 316,137,375,270,0 477,181,502,219,1 
/csgo-images/296.jpg 190,107,382,370,1 
/csgo-images/297.jpg 350,145,408,256,0 314,152,360,247,0 
/csgo-images/298.jpg 269,193,307,273,0 323,199,358,267,0 
/csgo-images/299.jpg 593,240,656,322,0 
/csgo-images/3.jpg 365,142,432,260,0 
/csgo-images/30.jpg 346,188,383,275,1 
/csgo-images/300.jpg 355,141,416,280,0 292,130,317,169,1 
/csgo-images/301.jpg 350,130,383,249,1 421,140,460,234,1 358,126,425,274,1 
/csgo-images/302.jpg 240,151,336,293,1 
/csgo-images/303.jpg 332,151,368,262,0 371,160,401,229,0 
/csgo-images/304.jpg 254,137,309,238,0 
/csgo-images/305.jpg 357,175,383,227,0 406,182,432,223,0 
/csgo-images/306.jpg 154,169,210,251,1 327,145,391,315,1 
/csgo-images/307.jpg 357,148,382,186,1 
/csgo-images/308.jpg 294,111,361,247,0 
/csgo-images/309.jpg 298,166,343,241,1 
/csgo-images/31.jpg 210,123,338,369,1 
/csgo-images/310.jpg 368,163,412,244,1 
/csgo-images/311.jpg 246,148,339,297,0 417,173,453,238,0 358,163,405,259,0 
/csgo-images/312.jpg 232,149,297,300,0 343,142,472,354,0 288,153,357,328,0 
/csgo-images/313.jpg 164,107,273,329,1 273,174,368,376,1 
/csgo-images/314.jpg 320,162,369,314,1 
/csgo-images/315.jpg 276,136,381,370,1 
/csgo-images/316.jpg 287,136,358,289,1 364,149,406,233,1 336,147,376,236,1 
/csgo-images/317.jpg 461,218,539,296,0 318,207,379,284,0 431,177,494,249,0 373,173,421,236,0 
/csgo-images/318.jpg 340,156,384,251,1 443,188,464,226,1 
/csgo-images/319.jpg
/csgo-images/32.jpg 313,138,349,208,1 360,162,384,222,1 
/csgo-images/320.jpg 309,122,364,269,1 
/csgo-images/321.jpg 424,223,472,321,1 557,107,679,362,1 
/csgo-images/322.jpg 391,137,461,267,0 
/csgo-images/323.jpg 364,136,403,193,0 265,238,321,328,1 
/csgo-images/324.jpg 434,125,472,190,0 349,133,386,225,0 
/csgo-images/325.jpg 262,147,303,212,0 
/csgo-images/326.jpg 270,159,332,334,0 179,167,291,382,0 
/csgo-images/327.jpg 273,169,349,382,1 344,203,405,332,1 
/csgo-images/328.jpg 179,160,211,229,1 
/csgo-images/329.jpg 324,151,347,196,1 
/csgo-images/33.jpg 350,153,392,238,1 
/csgo-images/330.jpg 310,181,332,217,0 
/csgo-images/331.jpg 362,175,397,233,1 
/csgo-images/332.jpg 494,169,561,233,0 292,184,350,256,1 
/csgo-images/333.jpg 268,166,336,267,0 
/csgo-images/334.jpg 384,158,440,263,0 
/csgo-images/335.jpg 365,159,399,232,0 162,108,255,273,0 84,152,118,197,0 136,152,173,217,0 
/csgo-images/336.jpg 181,148,301,359,0 
/csgo-images/337.jpg 117,179,253,378,0 0,175,96,380,0 
/csgo-images/338.jpg 365,126,449,317,0 
/csgo-images/339.jpg 258,192,281,219,1 
/csgo-images/34.jpg 269,144,399,382,1 
/csgo-images/340.jpg 325,147,399,280,1 
/csgo-images/341.jpg
/csgo-images/342.jpg 166,138,276,315,1 
/csgo-images/343.jpg 324,173,371,266,0 
/csgo-images/344.jpg
/csgo-images/345.jpg 323,148,412,273,1 
/csgo-images/346.jpg 344,158,397,260,0 
/csgo-images/347.jpg 314,185,372,278,0 347,89,387,162,0 
/csgo-images/348.jpg 314,197,513,380,0 
/csgo-images/349.jpg 125,123,292,381,1 
/csgo-images/35.jpg 273,160,314,241,0 398,67,424,116,0 
/csgo-images/350.jpg 394,181,412,211,1 
/csgo-images/351.jpg 279,133,328,217,0 41,121,88,182,0 
/csgo-images/352.jpg 310,166,339,232,1 325,186,368,273,1 
/csgo-images/353.jpg 349,185,366,219,1 
/csgo-images/354.jpg 320,169,355,237,0 
/csgo-images/355.jpg 98,144,213,321,0 369,156,405,229,0 251,156,280,245,0 286,152,318,234,0 
/csgo-images/356.jpg 294,162,376,374,1 366,201,414,329,1 
/csgo-images/357.jpg
/csgo-images/358.jpg 253,163,288,238,0 292,162,347,263,0 
/csgo-images/359.jpg 331,263,371,336,1 0,271,69,370,1 
/csgo-images/36.jpg 472,138,512,214,0 472,133,519,214,0 517,133,562,223,0 
/csgo-images/360.jpg 302,134,355,273,1 
/csgo-images/361.jpg 349,155,384,243,1 
/csgo-images/362.jpg 456,138,525,286,1 375,144,447,317,1 
/csgo-images/363.jpg 336,190,372,280,1 365,200,397,254,1 
/csgo-images/364.jpg 343,169,384,218,1 
/csgo-images/365.jpg 266,167,294,236,0 358,175,388,219,1 
/csgo-images/366.jpg 294,133,339,219,1 235,141,283,225,1 
/csgo-images/367.jpg 229,105,272,190,0 280,104,332,189,0 301,273,432,382,0 
/csgo-images/368.jpg 100,149,155,206,0 286,126,342,244,0 
/csgo-images/369.jpg 96,151,151,237,0 129,127,158,182,1 
/csgo-images/37.jpg 416,178,438,206,1 
/csgo-images/370.jpg 129,184,205,262,0 302,218,387,347,0 228,162,272,230,0 301,167,340,237,0 358,185,403,255,0 
/csgo-images/371.jpg 275,169,334,293,0 
/csgo-images/372.jpg 327,119,390,284,1 
/csgo-images/373.jpg 298,34,366,178,0 
/csgo-images/374.jpg 497,70,632,317,1 436,149,521,266,1 343,177,376,215,1 
/csgo-images/375.jpg 395,73,514,354,1 
/csgo-images/376.jpg 225,57,450,382,1 
/csgo-images/377.jpg 273,171,310,218,1 302,129,442,340,1 371,0,679,382,1 
/csgo-images/378.jpg 312,158,353,226,0 
/csgo-images/379.jpg 247,185,316,286,0 318,184,376,278,0 
/csgo-images/38.jpg 390,147,439,254,1 283,163,312,218,1 
/csgo-images/380.jpg 269,136,358,343,1 
/csgo-images/381.jpg 497,125,595,286,1 327,129,434,382,1 298,115,414,381,1 255,170,313,237,1 
/csgo-images/382.jpg 184,127,295,351,1 
/csgo-images/383.jpg 268,185,379,311,0 
/csgo-images/384.jpg 318,141,357,207,1 
/csgo-images/385.jpg 369,264,417,348,1 
/csgo-images/386.jpg 180,96,299,382,0 
/csgo-images/387.jpg 251,151,303,223,0 376,127,480,282,0 305,133,368,255,0 
/csgo-images/388.jpg 310,122,432,337,1 
/csgo-images/389.jpg 228,71,392,337,0 646,196,679,269,0 
/csgo-images/39.jpg 217,162,250,223,1 
/csgo-images/390.jpg 399,197,458,273,0 
/csgo-images/391.jpg 297,151,354,225,0 
/csgo-images/392.jpg 232,0,383,328,1 
/csgo-images/393.jpg
/csgo-images/394.jpg 316,178,360,251,0 
/csgo-images/395.jpg 339,89,403,263,1 406,99,461,254,1 445,118,491,233,1 
/csgo-images/396.jpg 290,162,371,289,1 
/csgo-images/397.jpg 349,171,380,223,0 
/csgo-images/398.jpg 255,167,398,355,1 
/csgo-images/399.jpg 87,123,131,174,0 309,122,344,217,0 221,78,249,101,0 
/csgo-images/4.jpg 546,148,597,241,0 
/csgo-images/40.jpg 286,114,421,382,0 
/csgo-images/400.jpg 313,179,362,256,0 
/csgo-images/401.jpg 327,149,410,260,1 
/csgo-images/402.jpg 351,167,413,251,1 
/csgo-images/403.jpg 276,134,383,381,1 
/csgo-images/405.jpg 216,119,299,259,0 375,133,427,251,0 410,71,510,306,0 
/csgo-images/406.jpg 233,110,299,269,1 365,26,550,382,1 
/csgo-images/407.jpg 449,145,512,254,0 
/csgo-images/408.jpg 191,132,312,382,1 
/csgo-images/409.jpg
/csgo-images/41.jpg 257,140,323,262,0 320,134,401,270,0 
/csgo-images/410.jpg 295,122,388,314,0 402,147,450,254,0 362,151,401,230,0 
/csgo-images/411.jpg 201,122,259,203,0 504,48,652,270,0 
/csgo-images/412.jpg 334,0,480,170,0 
/csgo-images/413.jpg 288,122,332,269,1 338,125,380,233,1 
/csgo-images/414.jpg 294,158,336,243,0 427,86,580,363,0 
/csgo-images/415.jpg 243,112,382,373,1 
/csgo-images/416.jpg 360,160,408,230,1 323,174,364,238,1 
/csgo-images/417.jpg 216,189,253,241,1 
/csgo-images/418.jpg 316,186,347,237,1 401,185,431,240,1 
/csgo-images/419.jpg
/csgo-images/42.jpg 442,132,534,247,1 
/csgo-images/420.jpg 373,119,439,230,1 
/csgo-images/421.jpg 357,192,392,222,1 
/csgo-images/422.jpg 466,144,493,192,0 
/csgo-images/423.jpg 249,170,283,206,1 249,170,286,212,1 
/csgo-images/424.jpg 111,126,246,382,0 371,181,394,225,0 
/csgo-images/425.jpg 292,162,340,233,1 397,171,447,266,1 
/csgo-images/426.jpg 339,138,371,179,0 
/csgo-images/427.jpg 218,118,347,334,1 
/csgo-images/428.jpg
/csgo-images/429.jpg 0,118,55,219,1 276,129,331,238,1 
/csgo-images/43.jpg 349,123,420,277,0 292,140,361,252,0 
/csgo-images/430.jpg 380,90,553,382,0 209,121,316,382,0 306,123,342,190,0 
/csgo-images/431.jpg 158,141,217,267,0 
/csgo-images/432.jpg 429,116,499,229,1 332,141,357,201,1 
/csgo-images/433.jpg 239,114,328,323,0 239,114,328,323,0 329,141,399,274,0 
/csgo-images/434.jpg 220,144,338,303,0 
/csgo-images/44.jpg 137,152,173,208,1 201,152,235,214,1 320,140,386,247,1 
/csgo-images/45.jpg 303,67,369,192,1 
/csgo-images/46.jpg 270,132,340,282,1 375,147,416,237,1 429,147,466,227,1 
/csgo-images/47.jpg 187,97,296,349,1 343,96,429,339,1 438,164,475,255,1 
/csgo-images/48.jpg 255,163,306,252,1 
/csgo-images/49.jpg 307,182,373,244,1 
/csgo-images/5.jpg 228,155,338,269,1 
/csgo-images/50.jpg 294,169,387,376,1 
/csgo-images/51.jpg 372,182,413,240,0 
/csgo-images/52.jpg 0,145,139,354,0 290,160,342,269,0 
/csgo-images/53.jpg 406,153,494,325,0 
/csgo-images/54.jpg 412,137,487,240,0 
/csgo-images/55.jpg 251,132,310,237,0 366,158,416,219,0 
/csgo-images/56.jpg 4,115,41,186,0 301,132,357,212,0 
/csgo-images/57.jpg 372,177,414,259,1 
/csgo-images/58.jpg 369,184,403,236,1 
/csgo-images/59.jpg 306,123,431,382,1 
/csgo-images/6.jpg 309,132,456,382,1 
/csgo-images/60.jpg 279,159,338,343,1 323,196,382,333,1 
/csgo-images/61.jpg 179,144,249,288,0 244,137,312,274,0 
/csgo-images/62.jpg 209,177,328,382,0 399,186,435,238,0 288,170,380,347,0 
/csgo-images/63.jpg 272,97,318,184,1 310,160,344,223,1 
/csgo-images/64.jpg 317,160,365,247,1 401,181,428,226,1 358,170,387,218,1 
/csgo-images/65.jpg 26,137,244,382,0 316,158,375,274,0 
/csgo-images/66.jpg 321,136,365,232,0 397,145,436,226,0 
/csgo-images/67.jpg 491,86,532,171,0 
/csgo-images/68.jpg 286,144,353,274,0 224,142,258,252,0 253,149,302,255,0 
/csgo-images/69.jpg 321,141,386,263,0 
/csgo-images/7.jpg 9,153,69,282,1 275,156,331,314,1 
/csgo-images/70.jpg 445,133,532,285,0 
/csgo-images/71.jpg
/csgo-images/72.jpg 328,145,409,308,1 397,133,446,275,1 
/csgo-images/73.jpg 280,148,358,306,1 
/csgo-images/74.jpg 383,149,443,312,0 313,160,369,256,0 
/csgo-images/75.jpg 406,137,491,254,1 14,127,95,247,1 
/csgo-images/76.jpg 275,175,325,240,1 365,184,402,248,1 394,155,436,236,1 
/csgo-images/77.jpg 307,167,342,232,1 381,160,403,215,1 343,158,386,241,1 
/csgo-images/78.jpg 318,93,375,188,0 
/csgo-images/79.jpg 336,123,431,323,0 435,140,468,208,0 
/csgo-images/8.jpg 154,86,276,248,1 
/csgo-images/80.jpg
/csgo-images/81.jpg 302,181,334,217,0 368,182,397,208,0 
/csgo-images/82.jpg 216,201,265,312,1 339,190,377,273,1 281,192,336,286,1 
/csgo-images/83.jpg 292,178,379,356,1 
/csgo-images/84.jpg 298,162,379,295,1 209,181,284,271,1 
/csgo-images/85.jpg 244,141,323,277,0 313,142,379,256,0 632,166,679,233,1 
/csgo-images/86.jpg 335,145,428,329,1 
/csgo-images/87.jpg 314,158,357,232,0 340,148,395,227,0 
/csgo-images/88.jpg 394,182,458,273,0 
/csgo-images/89.jpg 298,159,340,245,1 358,163,391,285,1 
/csgo-images/9.jpg 360,145,419,244,1 
/csgo-images/90.jpg 316,107,443,378,1 
/csgo-images/91.jpg 431,137,471,204,1 323,145,354,189,1 
/csgo-images/92.jpg 309,147,355,241,1 276,200,313,244,1 
/csgo-images/93.jpg 342,138,397,230,0 
/csgo-images/94.jpg 329,171,427,337,0 
/csgo-images/95.jpg 346,197,436,325,1 
/csgo-images/96.jpg
/csgo-images/97.jpg 440,142,475,208,1 
/csgo-images/98.jpg 450,152,499,254,0 335,156,371,243,0 142,138,254,382,0 2,118,169,382,0 
/csgo-images/99.jpg 351,177,384,223,0 401,184,420,212,0 
